100 200
28 24 29 27 31 46 14 38 38 17 58 28 52 24 12 26 21 25 56 31 44 38 15 38 37 14 36 41 55 37 54 14 41 33 57 57 48 23 52 35 21 53 32 58 55 36 29 31 39 11 19 48 23 17 40 58 51 54 12 55 38 25 25 21 57 52 17 56 32 47 24 46 45 44 46 28 14 15 12 33 10 26 29 14 16 29 41 21 16 36 38 53 54 44 59 38 54 47 19 11 14 37 14 11 24 24 54 55 18 58 57 37 48 24 41 48 27 57 22 31 11 28 14 23 56 58 56 26 46 17 59 18 20 58 36 53 56 41 19 18 12 14 26 10 22 33 57 25 10 18 14 31 50 54 27 20 55 17 18 41 19 46 42 50 28 44 43 24 45 52 21 36 39 29 27 57 29 19 32 25 13 45 55 29 57 26 54 44 34 25 17 17 35 55 46 15 10 29 39 48
19 25 36 23 26 16 41 46 20 16 29 41 15 12 54 18 59 14 36 33 47 23 31 44 52 43 30 21 24 39 44 24 49 45 17 24 41 57 57 16 38 57 45 37 15 34 39 25 33 57 50 44 23 53 54 28 51 47 56 13 57 19 11 14 46 46 47 19 42 11 16 20 46 42 34 20 32 56 19 13 40 41 56 55 50 19 28 46 16 52 35 50 21 55 43 43 13 41 38 40 50 55 48 18 37 18 38 40 10 43 13 39 28 54 51 36 19 14 45 42 14 34 23 59 18 45 40 42 21 19 43 48 46 53 23 32 59 51 57 14 21 59 15 41 30 11 22 49 39 32 13 42 40 38 30 41 22 52 54 46 14 23 31 31 35 34 46 58 36 43 52 34 34 28 23 46 31 58 17 51 48 21 48 59 38 56 59 29 30 38 10 56 13 57 49 49 56 10 12 37
45 40 17 17 49 14 19 34 43 51 33 49 49 59 49 12 30 15 16 43 23 18 53 59 55 39 47 40 51 51 28 51 28 49 57 51 39 10 27 47 24 18 52 55 43 19 43 43 45 52 21 49 23 35 13 58 55 24 50 57 12 58 15 11 42 28 12 19 33 51 35 43 52 44 29 29 49 31 53 19 37 50 53 32 45 23 31 31 56 28 56 40 32 55 44 10 10 43 11 30 53 23 20 25 19 36 59 14 49 17 35 37 11 54 15 48 46 40 15 39 36 12 48 38 27 47 46 27 35 49 43 21 53 32 29 33 17 54 18 34 41 33 51 17 59 17 33 26 22 31 14 17 40 49 45 59 47 22 14 46 22 28 53 20 19 53 45 43 21 27 12 45 52 47 29 19 10 11 27 29 27 48 34 23 39 37 16 33 16 57 47 45 29 17 16 30 59 55 31 49
19 44 21 27 21 59 32 42 30 56 29 17 15 49 50 36 23 53 40 28 55 31 24 59 20 13 52 14 10 54 24 25 31 52 52 35 29 18 59 31 18 23 26 55 33 20 21 27 30 59 22 39 57 11 55 49 26 34 33 43 42 22 13 12 52 11 35 59 53 15 45 31 45 52 17 43 26 54 43 26 50 42 43 54 37 59 32 51 43 23 54 23 45 16 58 43 54 46 42 18 44 56 53 20 50 25 13 24 49 21 45 36 51 43 17 30 34 12 59 45 22 17 31 31 25 12 58 49 51 14 28 33 32 43 39 49 20 43 28 19 17 40 20 23 27 59 41 23 13 11 17 46 43 40 38 53 46 46 42 53 53 23 25 16 33 26 56 33 33 12 36 29 26 48 16 21 48 26 36 50 29 18 15 17 14 49 10 40 34 23 14 15 13 30 47 36 22 51 35 55
31 52 10 43 50 42 20 21 27 45 14 57 25 52 34 52 27 22 45 54 39 46 42 15 23 16 16 29 47 22 42 28 30 38 44 32 29 15 13 36 34 31 46 58 53 28 47 32 21 21 34 54 27 47 55 19 56 37 35 47 58 36 35 49 49 34 53 58 49 54 46 22 42 49 37 20 43 27 30 20 31 36 55 27 50 51 12 49 21 54 17 48 53 14 57 54 20 48 36 14 42 48 33 55 42 58 16 56 11 19 33 41 35 42 57 41 13 10 11 29 15 58 57 37 46 49 12 37 49 31 15 11 11 26 46 47 59 23 35 12 35 26 10 36 26 47 48 22 39 55 20 28 50 48 32 29 52 59 24 51 44 53 59 10 49 12 28 19 30 36 59 45 38 24 40 15 26 56 30 58 44 27 14 21 12 29 23 50 49 34 18 16 43 46 51 38 10 49 57 56
34 35 43 35 43 44 20 37 15 52 30 19 54 34 12 18 19 12 56 28 12 26 35 18 22 17 51 23 34 38 12 20 47 41 34 43 40 19 30 22 43 50 26 52 36 30 44 54 17 59 54 43 51 46 19 32 23 25 38 30 24 41 27 17 14 45 55 19 12 38 29 19 58 10 27 39 41 35 32 19 33 17 51 45 35 58 13 10 26 25 33 32 48 56 42 33 55 52 46 52 55 28 12 55 47 43 51 19 44 45 26 20 52 33 45 43 52 42 38 18 42 43 56 22 51 40 16 29 12 54 59 50 22 21 39 50 55 49 22 55 28 13 11 45 37 45 37 16 28 37 19 48 15 32 36 34 56 36 24 46 23 37 10 23 37 13 46 49 37 37 31 40 14 46 42 15 18 52 37 26 49 20 10 26 55 49 22 47 51 10 33 45 31 52 33 26 57 47 31 10
11 40 40 42 50 23 33 10 38 15 39 26 51 27 21 31 29 18 57 13 47 42 38 32 21 35 32 11 33 18 26 38 40 42 35 49 11 41 47 28 24 49 35 17 42 26 16 45 37 44 54 54 34 47 14 54 25 22 42 10 41 32 52 48 26 16 51 26 26 13 10 57 17 33 46 13 24 14 26 14 39 49 51 14 15 57 32 58 12 54 42 42 32 17 16 50 20 31 19 37 37 27 51 50 47 25 22 10 42 40 50 29 19 30 29 55 12 57 54 52 17 31 18 23 50 50 39 58 37 33 12 20 16 24 16 14 57 29 45 56 47 41 24 49 32 24 59 21 19 28 21 58 17 56 24 43 23 39 22 38 55 18 54 48 33 44 38 48 22 51 36 47 57 47 18 55 45 17 43 27 30 15 15 59 28 15 23 14 54 24 13 10 57 42 43 39 44 21 23 14
54 18 52 26 22 28 44 29 40 59 12 32 22 39 23 20 10 32 40 49 47 44 58 45 49 48 25 47 36 47 48 44 23 57 33 13 22 17 22 10 14 16 13 42 59 49 36 14 52 32 22 55 49 30 55 48 58 18 43 29 31 13 15 30 28 24 13 17 15 21 58 16 31 49 32 37 59 55 42 16 35 23 16 31 55 32 45 53 47 35 59 10 11 56 45 38 55 36 42 58 21 25 39 35 28 57 16 20 28 53 50 15 21 48 11 43 43 30 56 28 14 33 43 27 36 30 50 52 11 30 33 33 31 11 17 21 23 29 49 35 59 58 40 42 50 15 40 38 59 35 15 54 22 11 59 37 24 43 18 19 15 38 43 49 51 44 43 36 52 35 33 43 15 55 54 11 20 16 42 39 37 41 47 32 57 31 20 39 30 39 31 23 32 35 43 22 43 35 45 11
25 59 39 13 36 35 30 36 21 47 52 17 10 55 34 44 32 35 52 33 40 33 33 53 11 58 49 19 23 56 43 36 17 18 57 34 50 45 56 34 27 39 14 45 11 55 15 33 14 49 27 10 48 45 33 24 47 56 48 26 20 20 35 43 34 56 47 24 52 46 12 26 21 21 27 34 42 39 11 37 27 20 25 58 17 46 11 31 45 56 37 47 40 45 49 31 20 36 52 28 37 54 22 24 10 59 47 33 16 12 12 56 58 10 31 54 27 40 30 17 13 49 49 15 59 25 14 11 19 58 40 22 46 38 18 25 24 34 16 35 40 42 28 45 38 48 52 28 51 59 43 44 39 54 34 54 22 35 33 36 40 43 55 31 42 40 57 17 55 11 28 10 58 29 48 59 37 33 51 31 20 23 45 52 48 59 59 33 18 38 24 38 50 47 35 30 21 47 16 36
42 13 43 38 57 37 10 58 26 53 32 42 23 25 33 38 55 44 23 28 30 55 46 10 54 24 33 57 43 15 37 14 12 41 30 26 43 56 10 35 34 33 42 41 36 57 37 34 15 26 40 32 41 28 42 38 26 11 42 27 58 47 55 28 39 50 55 39 24 42 53 40 21 45 15 55 15 31 24 46 38 33 17 55 25 58 47 29 57 25 22 53 17 37 10 59 41 54 24 21 16 47 10 54 51 41 16 41 17 27 30 13 22 58 31 41 35 38 51 46 58 13 10 56 19 19 53 14 51 21 57 12 23 21 36 15 57 59 14 26 33 38 12 58 51 25 47 54 17 11 54 58 42 14 41 42 24 30 42 34 22 16 33 17 12 47 31 58 52 46 39 19 15 17 31 24 54 41 47 50 40 10 57 27 19 34 11 56 31 29 20 44 53 55 12 53 29 58 16 45
41 53 49 25 56 56 53 19 58 55 24 55 20 14 41 32 58 15 33 27 34 12 29 19 53 26 46 46 29 28 29 26 44 13 14 50 56 34 17 42 31 48 16 26 11 45 36 14 45 54 20 41 30 33 41 24 54 50 55 51 42 20 43 34 31 44 27 52 56 59 13 34 14 54 23 33 23 51 38 40 46 56 40 28 22 10 51 33 21 24 34 47 43 43 26 58 37 58 55 56 37 47 20 55 19 37 43 41 32 34 27 18 52 56 32 52 43 19 55 46 53 58 46 44 14 17 12 39 50 54 59 48 37 18 43 48 13 16 15 52 22 51 45 45 17 58 20 47 17 17 41 11 51 32 27 23 34 39 38 42 28 21 44 32 26 38 39 48 27 45 13 37 52 43 54 18 53 38 46 34 58 44 13 18 39 31 34 49 12 14 11 45 32 46 12 14 29 28 33 56
31 26 50 55 47 42 59 32 37 41 50 24 31 52 48 26 24 43 55 11 54 40 47 46 31 44 28 21 15 35 11 12 31 51 31 15 50 30 52 43 53 12 40 20 52 27 55 30 26 31 26 45 23 58 28 25 33 19 17 16 45 47 22 39 19 59 49 53 12 49 23 29 31 32 30 41 13 33 52 46 20 14 56 40 57 25 45 30 32 25 13 12 29 42 46 54 11 40 41 49 10 19 47 35 32 56 47 22 12 13 31 41 17 23 35 50 55 33 37 11 15 48 25 51 21 32 18 30 43 21 29 59 38 30 38 40 45 17 50 23 51 26 26 28 12 27 23 45 24 33 49 40 32 11 31 24 26 19 47 21 59 54 12 20 21 13 44 29 36 56 12 16 39 34 19 55 37 27 17 55 26 14 25 13 17 30 24 54 46 44 56 10 33 14 29 55 25 36 39 58
28 15 45 10 51 44 40 16 56 46 43 10 35 32 40 34 21 12 43 28 48 43 42 31 21 25 23 28 39 18 48 59 26 27 28 53 29 53 20 10 30 24 10 55 58 56 41 47 27 59 35 23 56 16 11 42 35 21 39 27 10 40 35 15 15 20 32 45 14 56 29 27 53 33 24 47 48 28 48 31 54 55 37 13 10 55 26 44 25 16 23 17 37 52 55 45 48 42 26 11 35 23 37 32 38 24 33 36 43 48 25 45 59 30 44 10 55 33 21 20 22 55 50 11 38 55 44 35 47 50 43 17 51 21 35 42 19 15 27 29 26 41 45 43 58 25 19 52 31 11 43 47 39 45 56 14 39 12 19 17 28 47 15 20 13 19 54 43 27 45 24 18 20 34 26 48 25 39 15 18 32 56 26 36 50 23 22 43 42 48 58 19 15 24 53 36 39 27 55 10
27 16 18 20 13 53 54 15 46 20 29 25 44 36 57 44 27 46 59 25 15 15 43 42 35 11 38 49 25 35 18 34 33 30 14 10 29 28 32 18 23 38 34 12 45 50 23 32 59 59 21 38 16 45 23 16 47 38 53 23 20 44 33 29 31 15 18 23 38 27 17 22 28 23 59 59 12 55 44 33 11 46 53 31 58 18 29 49 43 41 56 37 22 22 58 41 28 25 33 48 11 35 32 46 20 41 57 28 38 32 40 50 32 27 46 16 20 39 12 42 40 53 18 11 20 52 29 38 44 47 54 19 12 16 40 56 32 29 28 19 39 50 27 44 24 30 39 31 48 51 41 55 14 12 43 45 55 31 21 57 27 37 31 10 51 17 32 21 36 20 55 55 24 38 12 20 37 18 12 29 20 49 21 42 55 19 41 16 40 41 42 34 17 13 31 28 19 29 22 39
50 32 31 51 39 40 22 45 14 34 20 10 42 40 26 17 17 56 14 59 46 51 10 17 35 56 31 59 24 36 33 34 38 15 19 27 54 57 48 52 41 45 33 16 51 20 58 19 23 23 14 58 45 47 49 39 17 31 19 32 21 14 38 26 36 43 23 47 42 28 22 43 57 19 46 29 51 47 40 23 29 42 51 43 26 38 52 57 38 55 43 33 32 12 37 57 37 23 51 25 28 12 30 35 15 16 24 54 30 18 11 27 30 16 46 32 49 29 34 40 20 38 14 32 32 24 18 54 23 10 40 43 55 57 44 13 13 46 46 10 52 52 38 17 32 44 30 14 42 31 11 32 34 41 30 40 38 49 36 31 16 11 56 12 49 19 29 32 12 43 28 59 13 36 40 44 29 22 53 46 39 28 36 32 56 35 33 28 20 18 29 54 48 27 24 28 24 24 20 35
22 12 54 20 39 43 20 26 11 26 15 17 20 32 36 44 19 17 26 18 16 30 13 22 32 10 54 13 58 24 52 26 22 56 53 51 12 20 34 20 28 38 22 44 53 27 57 51 36 11 53 48 55 58 29 42 51 10 54 57 55 26 30 32 59 14 41 39 23 33 42 48 28 16 12 19 45 25 42 17 10 49 54 43 40 17 46 52 42 19 32 41 20 33 37 44 35 50 33 32 44 24 53 40 51 23 39 38 53 50 54 10 20 19 51 12 21 22 40 14 32 22 48 58 57 27 30 53 28 52 40 33 40 19 39 36 25 32 35 13 15 41 18 57 55 46 22 11 26 28 19 57 34 34 40 38 32 46 49 39 25 13 34 48 43 17 55 37 27 38 58 33 10 36 49 56 34 29 20 14 25 28 10 17 41 19 25 41 12 16 36 53 56 23 28 46 23 59 58 43
55 43 57 55 42 46 17 40 26 49 11 41 27 19 46 25 53 16 47 57 31 51 42 51 24 46 24 59 22 27 22 21 30 26 23 43 24 32 25 42 38 17 55 32 40 55 16 43 10 27 31 20 17 30 33 35 32 50 37 24 31 40 34 48 20 28 51 53 38 40 27 52 45 41 45 43 36 47 35 41 37 40 27 52 27 23 20 25 50 40 45 18 15 40 36 21 31 30 42 59 42 19 11 52 54 26 22 30 44 33 29 27 37 43 48 39 17 26 40 22 53 24 29 52 50 51 51 20 54 45 52 21 44 58 30 38 51 25 14 27 58 25 54 36 56 28 55 26 20 21 28 18 51 33 24 40 28 25 33 23 24 42 19 39 28 52 42 25 54 26 27 19 40 33 45 18 26 12 41 40 15 51 10 41 26 37 17 20 51 24 47 38 36 40 43 12 50 42 53 11
37 26 32 26 31 58 37 56 57 16 34 43 21 39 52 14 54 51 55 47 30 47 32 35 42 15 37 57 32 10 44 50 19 32 43 56 25 26 47 24 25 15 40 37 33 21 18 40 20 25 17 38 41 15 56 41 19 25 22 51 52 24 50 59 16 29 22 13 12 34 52 15 18 58 45 15 50 25 31 26 29 39 23 10 26 52 58 23 49 32 50 58 45 30 16 37 19 24 48 50 13 25 42 56 15 13 20 16 32 15 46 51 34 30 18 26 29 16 39 25 33 47 38 55 32 43 55 46 23 58 14 24 42 59 12 24 43 33 24 19 59 18 37 54 44 54 42 21 28 56 31 56 44 53 35 17 22 14 21 32 39 50 42 19 58 19 25 42 18 56 54 24 30 47 15 50 26 54 16 52 34 21 10 11 47 55 45 53 50 49 18 56 51 32 54 13 20 27 30 34
38 26 41 42 20 29 21 51 35 38 15 22 30 33 56 47 40 42 50 42 15 30 33 48 44 28 46 59 35 13 42 51 21 24 16 36 44 41 16 13 12 36 24 16 27 25 12 56 33 22 54 52 21 56 40 16 45 14 48 42 12 39 43 26 44 55 41 54 28 50 39 26 48 35 28 15 34 28 37 21 42 35 12 36 22 48 36 17 14 57 24 30 55 31 37 35 24 45 47 50 36 49 24 40 37 11 40 20 38 26 59 59 58 49 40 23 50 17 28 43 15 41 10 25 39 38 26 55 44 43 49 39 20 58 19 35 27 48 27 43 46 40 54 50 53 34 58 17 32 59 19 22 11 40 22 30 44 41 17 15 17 47 53 52 25 35 36 55 35 26 52 43 40 31 54 25 13 34 22 12 13 41 59 10 32 24 24 37 41 12 32 16 49 42 43 32 34 58 31 19
58 57 31 37 24 24 13 17 52 43 54 59 41 44 46 49 20 40 33 41 21 16 55 49 14 28 36 49 24 22 11 23 52 45 56 58 20 31 50 19 26 57 43 26 23 56 13 18 39 31 53 54 50 24 35 11 23 27 14 41 23 37 56 42 18 10 36 56 47 32 29 10 16 53 38 59 50 54 17 26 43 14 48 24 10 20 45 48 41 19 15 37 21 36 58 38 59 26 47 29 10 41 23 36 34 31 31 27 41 23 31 37 24 26 44 38 48 23 13 26 33 36 56 20 13 30 38 44 10 13 22 23 35 13 25 53 39 45 56 20 16 38 20 19 50 15 58 27 23 58 42 19 42 58 12 35 19 21 24 36 17 51 33 31 12 56 52 42 48 37 16 26 18 33 17 46 37 56 52 10 14 24 46 39 59 57 42 12 13 58 58 16 19 16 57 59 37 18 32 52
18 29 25 54 58 50 17 19 57 46 22 21 21 17 16 42 29 11 51 15 30 38 52 45 37 25 44 26 40 37 17 36 11 50 26 47 11 17 14 33 47 59 48 51 45 40 43 13 11 10 35 51 44 10 37 18 50 29 51 36 19 58 20 22 32 20 15 23 46 38 53 46 20 12 38 11 57 29 48 38 21 26 20 46 57 58 40 14 18 10 24 19 35 40 53 25 40 12 28 24 15 13 16 56 51 58 43 54 23 37 32 22 45 23 39 36 56 40 42 40 27 38 48 49 17 40 43 59 33 30 50 24 22 20 36 10 41 16 40 44 19 16 25 57 44 18 31 57 15 52 14 13 25 49 43 27 39 53 14 25 21 55 10 33 12 15 40 54 27 23 21 43 53 59 38 25 13 16 59 58 19 57 28 49 30 58 41 15 34 15 22 58 22 40 22 26 25 27 57 12
55 35 15 13 56 45 54 27 34 32 51 31 42 30 26 51 35 19 14 37 49 36 42 11 48 39 53 55 53 36 14 55 53 50 35 42 15 13 21 19 34 28 49 29 33 40 38 25 55 42 36 44 27 30 50 34 21 49 49 13 25 52 25 34 30 15 10 17 14 41 16 43 29 37 58 34 22 38 35 13 15 43 11 41 46 43 49 12 57 58 29 27 22 14 47 49 11 41 24 14 43 31 56 16 25 43 43 43 37 32 40 16 43 33 17 48 20 51 51 41 18 24 35 18 34 38 25 20 21 23 17 30 35 13 30 56 52 36 45 10 39 44 47 37 47 42 29 53 45 37 53 59 19 30 24 35 10 29 57 41 37 52 29 15 20 46 16 58 15 23 55 33 43 12 12 25 12 28 45 18 30 33 43 29 31 51 18 10 12 26 27 52 49 45 13 35 39 10 20 34
57 51 55 32 45 23 34 23 41 46 18 46 37 23 30 24 55 21 39 23 45 38 19 29 24 43 14 57 15 43 53 26 55 58 13 33 55 51 24 57 54 29 27 12 16 34 28 40 49 55 25 58 14 55 16 49 19 17 27 41 56 50 45 58 19 18 11 33 21 47 21 31 38 57 41 45 23 56 16 49 31 33 28 58 51 29 10 45 31 33 32 59 35 24 34 25 39 42 31 46 44 43 34 11 20 35 43 30 25 41 21 15 32 10 45 29 19 28 58 15 57 26 52 53 45 27 22 34 58 58 52 42 24 16 36 55 21 28 59 22 14 53 44 41 23 32 16 15 39 21 35 33 52 28 47 19 17 10 21 39 55 21 32 17 42 38 43 37 22 35 52 33 57 33 59 52 16 20 18 55 47 30 55 35 12 15 36 35 51 30 23 18 48 53 44 21 53 26 30 37
48 27 35 56 32 53 47 37 25 24 10 17 26 21 48 42 54 32 20 12 13 29 29 58 25 34 29 33 17 24 13 45 42 54 30 48 11 25 47 47 25 51 28 41 12 12 42 17 54 30 39 24 46 55 29 19 40 25 32 22 59 35 53 44 15 29 33 36 56 17 50 45 23 37 58 34 59 51 18 53 23 20 21 30 32 12 54 37 42 52 34 30 58 44 20 36 45 35 19 37 16 16 15 48 42 37 21 26 31 28 41 25 36 23 29 27 36 34 42 43 31 35 54 48 46 13 53 10 25 24 53 53 45 35 44 46 34 12 48 40 26 30 27 29 16 59 42 49 59 33 29 49 47 27 30 53 16 22 24 47 34 34 12 23 47 32 57 24 38 27 27 36 59 13 22 10 31 59 42 28 55 41 47 23 47 23 22 48 41 22 10 57 53 21 45 50 40 49 19 30
55 46 28 11 16 30 51 12 48 14 46 10 56 38 42 52 41 44 23 29 39 36 26 52 53 21 28 11 52 19 43 53 33 17 37 33 12 16 59 39 15 37 24 52 20 36 16 10 32 35 12 33 19 12 13 47 45 52 11 54 50 47 54 30 49 30 20 48 52 35 47 32 51 26 26 51 51 13 10 26 17 12 16 43 20 26 44 14 22 14 12 54 59 24 53 33 20 17 55 33 27 18 28 17 11 24 53 48 13 54 10 56 39 12 55 25 25 43 20 25 15 16 17 28 18 55 42 23 43 57 42 54 51 10 53 43 43 23 27 11 17 35 37 53 24 49 17 35 49 25 58 27 47 25 11 16 42 44 28 29 53 48 26 17 49 49 38 26 55 14 36 20 29 44 21 58 44 33 21 20 59 42 19 13 32 34 32 46 21 52 34 50 13 17 29 47 12 48 14 18
37 59 52 46 31 47 25 27 29 59 16 27 24 53 30 28 33 55 31 22 13 31 53 46 32 31 28 54 47 35 11 51 48 52 43 29 41 18 26 16 45 21 37 22 27 46 55 52 49 28 16 39 48 52 39 13 52 26 31 18 23 37 41 59 17 24 55 50 10 57 30 54 28 18 25 24 16 21 53 14 29 49 41 17 27 55 49 43 44 45 48 50 56 53 50 15 43 50 38 19 53 53 19 37 36 37 16 58 41 57 33 28 51 55 36 40 27 24 42 42 32 50 56 19 39 38 30 54 33 12 51 13 15 41 27 18 23 10 56 22 18 12 14 34 25 30 50 39 15 12 37 13 53 17 12 57 19 26 36 24 56 27 16 27 56 13 49 11 10 25 52 33 10 37 57 25 30 16 26 33 51 38 43 44 45 53 56 54 35 28 58 22 47 38 41 35 29 51 34 23
30 35 42 11 31 36 18 21 30 43 15 17 31 42 19 49 40 52 12 36 18 13 19 53 22 17 31 27 30 54 52 13 42 29 26 30 24 31 56 51 52 24 39 51 33 41 30 54 29 37 53 51 35 43 18 27 49 10 11 20 24 44 20 13 24 56 19 59 17 25 21 28 53 29 51 30 10 43 10 23 21 49 57 28 20 35 51 30 17 33 20 52 30 56 15 42 41 22 56 55 28 40 23 46 39 57 31 18 34 41 30 10 13 59 20 15 49 48 19 17 54 27 12 25 40 37 11 31 23 52 27 24 22 42 18 29 30 24 11 45 40 51 15 48 17 10 26 29 45 45 30 27 55 38 45 48 56 19 13 52 21 36 37 47 44 45 57 52 15 59 41 14 43 52 19 47 34 19 19 37 55 34 34 47 23 57 25 52 44 59 11 23 55 46 17 18 19 24 34 35
14 26 29 26 12 20 19 20 36 30 37 17 29 18 26 30 39 56 24 13 14 12 34 56 31 48 57 43 40 44 11 13 17 46 46 53 48 58 57 40 10 51 26 41 25 55 59 56 44 44 29 55 53 11 35 52 57 17 16 23 13 58 38 11 40 57 11 40 50 36 25 54 28 47 46 46 45 53 51 55 46 12 27 26 18 19 41 35 45 12 46 17 24 57 23 48 32 33 20 11 23 42 39 52 54 10 49 11 29 52 55 34 17 20 25 35 32 34 56 29 52 35 14 18 28 48 39 23 32 39 20 46 34 10 47 40 50 36 57 37 45 35 46 43 59 37 10 18 19 15 21 31 35 14 12 10 33 53 56 10 31 11 46 22 22 38 56 28 10 15 59 51 11 51 15 15 31 13 25 24 23 26 12 24 57 23 50 13 20 16 12 19 27 30 30 52 30 42 17 54
31 17 24 56 45 40 47 33 19 29 24 25 31 11 55 25 47 13 34 34 30 59 11 12 29 51 20 33 18 58 34 40 47 47 11 29 53 51 43 36 21 39 47 15 53 48 13 53 53 38 38 53 37 21 16 21 49 39 37 50 35 15 15 50 11 23 25 34 57 41 29 28 43 24 48 32 35 34 43 59 14 29 11 17 23 36 57 15 50 20 37 48 53 52 58 20 10 44 47 16 20 40 46 26 19 59 22 39 48 13 31 13 57 40 53 23 21 56 29 41 34 36 56 41 20 31 48 46 51 27 24 31 35 18 43 19 28 50 51 53 53 24 50 52 13 11 58 25 23 10 28 21 17 49 49 42 32 23 15 46 14 59 46 42 50 51 13 54 39 11 29 43 54 37 38 59 46 33 40 42 14 29 42 14 42 19 27 15 21 10 46 11 29 39 28 47 59 41 50 20
42 37 59 23 31 42 34 54 20 56 14 49 50 23 41 47 37 17 11 46 12 38 59 47 54 27 19 19 41 44 22 36 20 47 23 40 49 35 15 10 23 31 37 25 39 43 34 25 10 29 57 48 31 59 32 56 25 52 36 33 19 56 23 46 37 50 31 45 42 38 48 53 59 38 59 16 20 43 40 34 38 26 30 58 29 59 26 25 13 38 57 37 14 46 57 34 22 19 50 15 56 44 33 43 22 21 25 53 58 45 50 41 44 31 55 17 32 52 53 30 15 43 31 31 12 37 54 47 20 51 23 50 46 12 14 25 44 12 33 53 18 48 56 59 31 42 43 12 51 44 36 27 38 17 14 59 38 56 30 16 35 18 17 20 47 57 34 40 40 56 18 48 10 35 17 11 57 55 17 18 13 54 40 39 17 47 38 32 33 25 26 57 41 43 49 14 18 35 19 25
36 51 11 22 34 57 39 53 49 41 16 26 52 19 37 12 30 10 12 27 23 23 48 51 56 17 12 44 33 53 52 23 54 48 21 14 43 30 52 55 40 19 14 41 17 14 18 47 50 43 25 27 25 15 45 38 46 54 57 23 44 55 55 12 11 40 55 18 37 19 59 53 52 48 19 43 16 33 38 30 42 37 57 35 43 36 38 24 11 25 17 22 21 25 36 26 38 50 43 55 18 33 35 19 55 51 52 52 22 32 38 48 12 58 43 14 30 11 40 46 20 41 20 52 33 51 12 17 49 47 19 20 52 44 42 53 46 14 31 47 58 56 47 31 56 41 26 31 36 12 51 28 59 33 16 10 54 18 38 14 16 27 47 56 37 43 42 21 20 32 25 53 30 29 59 51 16 30 44 16 35 18 33 37 40 29 39 27 23 24 56 56 53 30 19 59 35 51 19 17
29 10 10 26 57 50 42 12 15 12 45 30 48 57 19 21 56 47 47 55 20 29 18 30 22 19 37 32 40 40 49 46 25 58 25 11 34 26 28 27 38 25 49 18 50 46 54 16 58 56 25 16 37 20 59 28 52 43 45 13 27 54 32 12 12 45 35 45 27 35 39 46 49 17 15 23 19 35 25 20 23 44 49 58 14 16 58 38 40 58 29 17 43 54 34 10 45 50 37 26 10 59 48 36 58 51 22 13 26 49 58 35 18 25 25 35 43 32 18 59 17 36 34 45 26 12 55 47 31 25 24 31 39 40 55 57 13 28 57 24 41 49 16 40 45 28 58 43 10 10 32 12 51 59 13 32 20 11 19 43 37 26 46 15 27 46 59 43 38 41 20 57 23 49 15 16 40 16 38 13 20 28 27 43 16 26 53 24 15 14 39 58 28 20 47 59 57 38 24 39
30 44 51 50 13 32 19 11 26 38 21 33 13 23 31 59 23 10 52 54 23 44 23 20 49 12 51 46 42 51 26 15 17 29 50 30 59 47 54 13 16 57 39 23 24 24 42 52 34 40 42 55 49 27 52 26 26 45 52 47 49 44 11 44 15 49 24 40 23 22 42 15 25 12 29 59 18 17 18 17 23 56 49 57 20 21 31 20 26 49 35 27 54 27 16 53 52 31 26 17 41 41 12 19 33 54 34 27 55 46 44 27 19 52 59 27 37 39 18 47 37 37 47 36 36 26 43 37 38 29 15 55 31 12 51 20 53 39 10 46 49 19 20 35 34 32 40 13 59 54 10 10 56 53 58 34 11 59 51 54 54 53 16 48 12 27 46 34 12 54 49 19 28 51 14 15 18 33 19 53 31 15 44 40 39 32 41 23 40 21 39 55 46 35 43 59 40 25 20 28
48 24 28 50 18 29 39 54 43 46 38 14 23 20 19 13 52 58 31 26 48 52 18 16 44 36 51 29 37 40 59 41 16 16 17 14 32 25 41 22 45 43 43 30 46 59 14 25 39 59 52 18 14 54 57 29 43 47 55 49 41 27 19 15 18 32 57 19 16 17 19 11 19 57 51 59 50 31 52 49 10 31 55 52 47 19 22 44 22 46 16 46 41 30 24 28 39 11 42 25 22 27 23 50 50 47 23 51 36 40 57 49 49 12 25 56 38 55 57 13 56 37 45 21 55 19 15 54 58 23 35 45 14 54 54 16 34 18 37 58 39 13 25 42 51 24 42 32 49 37 42 42 34 51 41 20 22 32 53 38 12 49 36 20 13 56 49 30 46 42 46 17 16 36 32 58 12 32 59 31 14 31 54 40 20 43 50 23 17 38 24 48 45 49 12 23 51 32 32 16
34 58 30 19 56 17 24 43 27 51 26 56 58 53 28 13 39 38 30 57 21 55 45 40 39 13 46 30 14 12 27 34 19 34 52 43 46 14 59 10 31 47 26 51 36 21 37 20 35 37 40 15 58 42 35 56 50 18 32 16 59 41 16 51 12 51 12 33 49 30 54 28 30 58 48 26 53 44 47 38 26 13 15 12 40 12 45 57 49 53 17 35 32 48 25 33 42 23 53 27 16 16 24 48 51 25 13 46 46 15 42 44 25 23 47 22 52 48 28 15 29 55 14 55 23 22 49 37 40 16 32 50 38 59 56 46 29 50 12 59 40 30 15 30 43 20 35 22 39 26 46 47 15 42 19 20 51 31 29 14 22 47 55 28 33 57 39 21 23 14 50 53 22 51 31 16 58 38 20 32 23 41 36 11 32 35 17 17 51 47 29 52 37 33 27 14 57 37 11 21
57 43 31 37 30 25 10 40 56 24 58 41 56 59 18 34 58 39 13 10 34 40 25 46 59 52 24 52 15 24 10 35 14 55 55 24 11 50 16 21 57 27 47 46 18 11 17 16 22 28 15 42 15 52 42 41 19 36 34 26 20 18 45 10 36 14 57 18 52 27 41 48 11 49 25 11 43 38 25 56 46 10 41 32 51 23 11 40 22 42 35 19 58 36 45 42 54 12 27 14 46 47 24 17 15 36 37 44 25 53 11 58 19 13 50 11 49 25 41 48 43 14 59 34 32 14 59 36 21 52 53 39 51 53 24 34 42 17 26 15 34 31 52 14 43 42 37 16 32 41 58 28 36 50 15 11 24 46 38 58 34 44 42 13 30 12 20 47 39 48 19 18 48 16 58 52 12 18 59 35 18 47 53 33 33 19 49 35 52 26 51 42 49 18 50 18 48 56 19 27
29 48 17 42 53 59 52 51 28 27 56 47 56 30 31 53 29 27 10 45 14 22 53 27 22 27 48 31 38 56 30 51 24 18 57 28 50 52 36 58 20 23 32 48 56 51 22 49 45 28 41 31 44 43 34 15 22 53 49 10 59 45 16 13 38 56 18 16 59 26 23 15 26 51 36 16 18 26 21 14 20 47 42 26 47 52 53 25 31 11 28 36 52 24 15 14 57 15 36 12 39 34 29 23 12 57 58 55 18 59 29 17 24 26 42 39 27 31 34 50 32 56 40 32 51 13 20 58 16 47 34 23 39 12 30 59 19 55 19 46 14 34 42 32 33 42 11 18 30 41 19 33 54 57 46 24 59 47 49 29 44 28 15 49 14 24 33 54 10 54 45 20 45 58 17 12 37 59 40 33 54 30 58 21 37 53 27 34 11 36 25 46 48 50 45 54 26 58 20 15
35 16 38 25 33 14 14 36 48 13 32 43 37 54 30 35 53 15 54 48 35 55 29 10 27 14 47 36 32 12 26 25 21 39 29 31 29 33 25 47 33 58 28 57 47 51 51 20 10 43 12 40 33 50 26 22 58 20 41 59 10 25 46 29 37 58 27 22 46 27 38 49 35 28 20 56 25 40 13 47 35 32 37 44 49 18 13 58 58 57 26 44 14 37 20 47 56 23 27 29 46 36 49 49 41 26 46 57 33 22 16 12 33 46 18 43 31 35 40 48 22 33 59 38 35 47 36 54 51 42 10 18 11 57 28 21 15 24 16 28 48 28 10 38 50 18 18 40 44 10 42 51 34 19 10 41 59 33 49 43 31 11 32 13 24 53 56 46 42 58 12 28 21 18 30 14 51 48 44 34 58 18 41 26 22 21 20 38 52 21 34 53 44 52 57 54 23 21 17 20
37 10 46 19 19 30 27 40 35 40 30 14 16 38 13 55 51 45 32 52 13 22 51 37 10 34 53 46 35 12 32 36 53 57 18 14 18 11 52 28 36 43 36 26 28 20 51 10 27 30 22 40 11 39 52 43 25 47 13 14 10 44 21 56 12 40 58 30 32 32 55 16 45 30 18 30 34 52 10 28 12 38 26 11 21 48 36 51 57 30 42 41 44 31 45 23 54 38 42 28 22 36 18 14 42 31 20 14 57 21 47 18 25 21 53 57 27 31 14 52 55 54 26 38 47 21 25 40 54 18 45 38 53 21 18 20 25 44 25 26 19 10 27 47 43 53 28 29 22 29 45 46 32 53 36 39 29 50 52 50 25 18 52 51 32 59 20 41 24 20 39 54 16 18 49 42 19 20 59 33 16 55 13 40 26 40 52 17 12 17 18 23 26 10 54 42 41 58 25 49
38 59 35 36 12 33 17 35 22 13 24 58 23 12 19 25 51 17 34 55 51 51 15 55 18 45 10 52 43 14 53 32 19 14 36 54 26 24 17 16 18 50 44 47 57 11 21 13 16 51 55 30 58 58 22 13 25 36 42 47 48 58 36 22 20 16 52 22 49 45 21 45 17 37 47 23 27 31 59 59 50 21 58 34 38 14 12 26 16 19 49 56 17 15 35 52 55 12 13 47 31 16 34 41 37 37 11 39 26 19 25 26 46 53 20 32 40 19 49 14 28 36 54 50 46 55 49 21 56 36 36 45 31 29 36 28 45 39 30 36 29 39 22 53 47 11 44 26 42 14 24 10 32 31 34 51 17 41 17 51 52 25 54 34 30 59 51 15 21 30 46 17 37 33 36 32 32 57 18 17 27 50 13 34 24 15 50 22 59 54 26 24 32 46 19 43 59 54 10 53
53 20 28 56 11 53 52 30 33 50 16 54 53 23 31 38 37 55 51 37 45 11 55 50 32 36 19 22 16 41 14 23 14 13 34 29 32 51 23 35 46 18 36 16 12 33 50 50 43 33 28 18 11 42 44 46 28 23 13 23 59 32 19 38 28 46 25 52 47 23 59 36 44 14 52 56 44 59 37 22 51 56 23 36 19 15 11 11 43 26 43 50 41 44 26 55 25 52 12 10 32 31 22 30 29 26 40 36 21 48 56 28 27 41 51 59 48 21 44 19 57 25 42 18 26 43 41 15 54 48 40 54 50 49 27 16 39 44 58 11 27 33 42 56 39 40 14 19 41 25 17 45 39 46 52 59 38 34 46 14 19 20 17 49 45 21 58 52 34 47 34 29 20 35 27 36 46 18 29 49 22 12 43 52 34 38 33 35 30 49 12 37 57 28 32 52 21 57 24 55
43 42 29 28 21 44 23 25 59 21 45 32 35 26 33 53 40 59 26 51 47 28 12 34 15 26 23 28 51 33 29 31 45 32 27 36 26 14 58 49 10 53 22 29 16 14 45 25 55 53 42 41 33 55 32 35 33 59 18 15 44 17 37 39 33 57 57 45 32 19 44 26 53 48 42 29 35 43 30 36 39 56 55 13 25 56 42 14 18 58 11 18 47 51 47 27 37 27 52 58 16 16 35 35 21 34 15 57 41 26 10 24 36 12 59 38 21 18 34 25 34 33 35 47 55 27 41 31 54 16 49 13 39 55 49 14 37 13 49 34 11 16 34 38 51 53 27 19 18 49 13 18 28 19 36 51 16 18 52 42 32 35 35 34 30 26 34 58 19 47 39 11 19 14 35 45 47 17 35 38 39 54 13 46 19 46 45 14 10 56 32 58 27 26 24 11 43 26 19 35
20 37 23 54 40 43 16 10 35 49 20 32 17 23 56 37 47 30 39 18 11 46 27 44 23 33 13 50 44 42 13 10 47 37 40 46 42 51 40 42 29 21 55 40 24 17 27 25 58 28 51 26 36 37 38 10 43 48 18 17 16 19 20 26 15 20 11 41 43 43 28 42 20 47 54 37 38 20 40 29 40 43 37 15 15 24 54 13 11 57 22 15 27 55 25 47 13 39 50 22 37 18 35 19 34 22 25 40 17 13 29 14 56 38 48 50 41 23 19 35 11 33 40 50 23 17 55 25 56 42 42 57 57 58 12 30 36 38 23 49 20 17 38 42 44 54 21 36 49 56 59 30 45 47 17 27 46 16 44 54 56 18 14 30 25 54 45 18 17 51 51 26 47 35 25 54 54 31 59 50 25 26 34 52 56 27 47 28 22 22 56 43 33 23 23 43 47 11 14 22
51 22 45 29 27 14 12 28 35 14 18 19 19 41 59 57 54 55 29 58 59 35 45 15 38 20 25 18 38 22 40 23 33 51 50 59 53 57 43 47 48 29 12 45 17 17 47 43 52 33 19 24 13 42 51 41 24 40 46 24 31 54 47 32 26 19 48 33 26 34 23 40 48 43 16 56 40 15 27 49 17 28 24 36 50 18 10 21 14 18 56 38 47 25 23 46 41 25 15 55 22 48 26 50 34 38 10 48 58 19 56 51 53 58 45 22 27 34 19 52 21 55 30 43 26 11 59 16 46 18 15 55 56 14 36 44 20 14 22 16 37 39 22 10 37 57 21 47 25 39 48 15 49 49 28 31 51 50 21 41 50 46 41 52 20 23 27 35 23 29 44 45 57 26 12 30 26 26 45 44 47 42 13 42 32 22 48 26 43 33 48 40 17 45 15 20 40 20 28 32
28 23 47 20 49 57 47 27 15 15 55 13 57 44 45 51 57 26 45 47 34 46 19 33 36 53 46 49 13 26 33 53 24 28 20 46 28 40 55 49 27 33 10 16 39 38 32 59 29 38 56 39 15 54 49 22 44 55 14 46 10 56 44 10 27 46 55 59 24 19 21 27 59 44 54 56 29 51 21 45 54 54 54 13 38 46 14 18 31 14 25 53 34 45 44 51 59 26 59 42 52 31 50 46 38 48 48 33 12 50 55 15 11 18 20 35 42 47 47 46 21 24 58 42 47 25 15 25 40 46 37 23 35 43 42 56 57 17 53 15 53 51 59 57 45 43 18 19 58 58 49 22 44 50 19 24 49 28 36 29 24 36 33 47 44 46 59 54 26 39 40 44 25 20 41 52 54 23 51 27 38 55 25 17 54 10 58 43 25 38 13 22 45 15 19 18 14 52 41 22
17 52 19 23 59 33 22 31 49 30 59 58 38 30 55 17 58 45 48 17 38 36 32 10 24 36 36 46 19 44 53 48 17 43 45 52 12 54 54 30 32 56 43 31 40 55 25 13 20 53 19 54 41 40 20 25 47 17 21 28 15 50 19 12 26 25 56 22 55 41 11 15 47 53 32 24 47 36 29 29 26 20 33 32 33 36 46 55 42 14 17 52 36 23 49 46 18 49 58 13 24 17 41 11 38 47 53 14 57 22 13 21 19 44 43 15 32 53 52 41 58 16 17 38 48 21 29 17 23 49 20 50 24 19 10 16 27 15 59 52 44 33 37 14 29 30 37 21 43 41 20 32 32 16 44 11 11 47 20 38 27 36 15 42 10 13 54 18 30 47 31 36 56 59 12 33 48 33 38 28 54 25 12 27 21 53 29 15 58 55 10 27 50 30 18 36 41 11 20 55
36 20 10 27 22 45 10 18 18 48 23 42 26 16 37 17 37 35 55 17 42 10 59 13 34 58 23 15 41 56 48 56 24 41 42 19 24 44 59 36 52 59 40 14 27 37 30 12 56 49 13 33 36 46 55 24 20 34 45 26 39 53 51 29 23 32 25 14 20 57 23 48 33 26 31 23 25 23 38 54 47 12 43 43 13 10 33 12 19 12 28 59 32 58 21 21 11 30 29 58 54 27 35 25 58 43 15 15 56 57 42 10 49 27 20 44 45 36 23 10 41 46 10 23 27 11 18 13 14 54 52 32 45 34 27 59 51 17 26 38 59 49 40 52 25 12 59 22 35 23 27 32 55 59 58 39 23 54 52 27 58 38 20 15 41 38 12 14 27 46 28 16 30 17 34 25 59 50 28 11 41 52 12 11 51 25 50 41 11 42 58 41 45 40 14 30 38 11 51 50
46 18 38 35 16 34 43 59 13 44 58 10 24 34 19 56 48 17 49 41 38 29 19 41 17 34 25 31 34 12 12 22 21 23 26 54 19 29 11 42 24 51 15 25 52 26 23 56 16 57 58 57 59 32 57 34 17 53 48 51 17 15 52 30 25 36 27 30 12 44 32 18 54 48 46 20 23 22 16 36 52 24 56 28 44 51 20 19 17 49 55 59 29 38 54 30 51 55 57 25 38 12 19 46 51 22 57 46 58 47 55 13 27 23 51 26 52 21 51 20 39 17 50 36 53 26 59 14 13 59 35 42 53 40 54 17 54 25 57 30 58 25 40 25 22 41 29 39 55 27 56 47 41 10 28 40 10 17 21 34 30 29 21 49 18 29 22 51 39 48 46 43 13 44 53 13 22 41 42 26 22 32 44 41 51 28 30 46 36 27 29 21 15 19 22 11 18 39 30 53
36 14 54 11 43 24 46 16 29 21 58 22 30 33 31 54 27 40 26 26 54 35 48 47 12 45 56 18 41 36 52 50 28 16 40 40 15 38 31 44 55 54 12 44 22 31 24 21 49 24 53 30 15 49 43 43 18 19 12 42 54 45 24 59 12 45 54 17 47 18 17 19 38 29 38 26 37 16 57 25 38 31 12 18 29 25 42 39 17 31 34 14 30 11 32 18 19 49 10 17 49 49 58 43 31 18 28 25 50 44 53 26 36 23 10 39 23 14 50 50 18 15 42 23 41 32 37 44 56 11 13 44 50 28 42 10 17 57 25 43 22 31 49 11 16 51 58 29 42 12 48 43 17 43 31 35 54 28 54 49 55 41 22 47 33 24 54 48 11 38 11 18 58 24 57 59 30 22 21 57 17 56 24 23 18 12 47 23 46 11 32 16 18 38 39 58 16 20 25 28
31 56 16 28 13 53 46 36 21 45 37 26 28 18 32 11 41 59 32 31 12 51 59 32 33 41 22 31 12 13 13 52 17 38 47 50 37 35 47 56 45 29 41 54 16 32 32 18 32 23 13 25 10 40 45 56 34 36 50 48 59 33 58 24 42 16 22 40 14 34 34 40 43 50 20 35 53 57 47 32 12 44 32 46 24 20 39 51 48 59 39 53 46 36 14 48 29 11 48 20 21 31 17 11 56 50 30 54 30 25 25 56 14 35 46 39 28 20 54 12 49 43 10 19 16 53 48 53 53 10 41 30 49 34 46 34 33 21 56 38 24 37 40 15 39 20 10 11 19 41 18 40 29 36 15 17 14 30 44 22 46 31 38 58 23 56 27 23 11 37 54 19 39 28 53 20 37 25 26 19 17 27 59 49 38 25 45 55 53 32 26 38 43 10 53 45 20 27 21 27
16 34 51 27 21 44 20 37 50 42 43 41 27 50 27 34 19 56 29 41 47 53 26 25 40 37 46 48 24 54 22 57 47 11 37 22 24 14 17 14 58 52 49 19 29 43 26 59 22 43 51 35 52 16 29 45 47 50 36 58 31 57 41 54 47 35 30 41 40 58 45 38 55 45 33 13 19 40 51 30 22 23 16 33 47 52 43 53 37 37 12 21 15 59 15 24 49 38 48 42 43 59 47 50 21 37 49 46 47 28 35 42 12 24 45 17 36 17 49 32 13 10 50 18 17 58 58 18 14 10 20 29 18 51 47 37 20 51 42 52 12 52 48 45 19 11 25 39 41 21 55 58 37 11 14 40 49 45 54 12 57 46 10 42 41 27 23 37 47 24 20 48 27 43 38 30 57 27 34 38 15 59 49 11 58 12 47 23 35 26 45 55 27 59 41 22 28 48 45 57
48 26 41 22 58 27 51 31 48 51 50 56 46 20 16 11 31 21 12 39 20 17 52 40 55 18 41 32 58 37 22 21 35 46 54 41 39 41 47 37 11 55 50 16 24 19 45 31 36 21 52 10 36 11 17 43 26 24 43 37 46 54 34 35 23 24 48 31 41 30 10 42 58 46 32 10 57 30 17 28 17 44 22 43 31 55 22 13 56 38 20 27 21 47 38 58 34 49 51 24 31 39 43 40 49 52 19 29 42 19 37 59 19 20 10 41 32 30 34 48 15 53 14 42 10 22 29 55 46 11 42 41 53 32 40 44 36 21 42 26 11 35 11 39 28 33 40 37 37 33 13 35 58 43 36 59 46 38 16 37 33 52 27 32 24 20 56 39 51 21 43 45 24 38 36 13 10 22 29 11 54 16 24 47 15 58 53 20 17 57 56 21 40 18 47 31 43 50 18 29
14 36 19 59 21 16 38 28 48 24 41 39 50 34 55 53 57 12 57 50 45 20 30 35 59 27 16 34 18 29 58 28 31 33 33 54 34 59 25 54 18 56 41 48 13 27 57 45 22 36 58 29 43 49 52 39 11 54 18 21 36 13 49 23 34 32 22 28 35 30 41 12 26 19 13 16 31 43 35 25 11 43 24 33 35 10 55 33 32 42 17 40 42 12 10 33 45 16 38 58 46 46 33 34 41 18 49 11 40 49 36 18 10 43 23 57 33 45 32 33 48 50 10 58 10 49 39 52 49 50 11 45 40 19 26 41 19 40 38 17 59 14 22 39 25 54 35 47 41 47 44 39 20 51 51 34 57 39 11 46 34 49 42 42 50 28 32 38 32 54 49 18 48 45 26 21 59 36 23 38 17 33 17 47 56 19 26 42 44 43 14 41 42 47 36 22 46 42 52 37
40 22 52 16 11 47 23 35 31 19 56 18 53 44 29 28 46 48 48 28 22 25 57 42 41 41 29 23 47 43 50 28 15 57 29 40 51 39 28 31 52 32 40 46 21 26 54 50 24 24 27 39 17 58 16 57 31 32 45 30 57 18 36 59 59 30 31 16 34 11 16 34 48 57 13 25 33 47 24 43 59 49 33 28 38 23 55 26 53 29 48 34 31 17 57 48 11 34 54 43 29 44 57 13 12 34 22 29 55 58 37 14 41 27 18 38 35 55 47 39 16 36 51 46 29 23 44 42 38 19 58 35 36 20 42 44 14 48 22 29 14 27 24 30 31 38 17 44 34 32 57 10 41 19 22 32 44 43 28 49 24 19 49 36 34 26 11 19 31 47 21 20 42 40 59 22 32 30 32 29 30 42 21 14 54 40 12 39 56 53 53 22 59 42 17 15 31 34 14 56
39 35 55 48 38 29 25 49 32 10 57 11 15 13 20 52 22 29 35 12 59 49 12 29 32 55 58 27 24 52 53 40 11 31 45 46 36 35 53 52 20 28 24 16 42 13 24 30 17 22 24 10 11 29 40 12 50 33 14 47 14 26 25 39 33 10 48 44 53 54 36 52 13 47 51 28 38 16 15 29 24 22 46 22 41 34 20 37 10 43 49 26 48 12 30 43 27 33 14 59 25 50 32 12 48 54 58 49 35 47 52 12 57 19 52 23 23 55 37 27 58 49 50 29 19 27 17 30 52 58 28 26 44 13 10 19 55 29 56 33 36 45 44 17 39 29 17 38 47 17 56 29 34 30 21 25 14 30 36 50 35 43 37 53 19 20 38 16 33 24 43 17 50 16 12 20 37 36 39 53 32 47 47 13 19 36 45 19 45 35 43 13 33 54 55 53 45 59 47 59
11 31 24 37 31 27 47 12 39 50 56 39 13 31 16 51 48 33 11 40 41 33 35 34 43 15 11 51 51 57 57 22 24 22 37 54 50 56 11 56 33 37 18 33 36 47 13 56 15 29 22 51 33 33 38 42 48 11 15 54 53 52 16 48 17 15 42 54 57 27 37 41 23 49 57 11 50 36 49 18 20 28 42 31 58 42 10 44 48 20 46 29 26 21 42 29 41 34 32 34 38 26 17 29 28 16 22 59 41 43 19 26 26 38 17 27 52 52 19 38 41 11 17 20 33 10 21 42 47 11 15 18 33 53 10 24 37 56 22 39 13 30 52 36 57 25 27 22 33 47 19 54 49 27 19 30 22 50 32 19 38 37 12 34 14 13 42 16 49 53 59 44 48 17 43 20 22 43 24 12 57 26 11 55 57 54 19 29 18 48 24 21 58 33 39 35 38 53 12 54
39 39 11 20 48 23 52 12 35 42 17 10 33 51 51 41 24 50 18 19 37 46 44 47 32 37 59 42 10 21 40 20 28 59 31 55 38 42 29 28 26 57 22 15 21 12 43 49 45 57 33 25 35 49 42 58 53 38 23 59 30 31 16 53 26 50 12 24 45 18 52 50 42 51 18 52 31 59 20 14 52 10 45 47 24 12 44 33 49 11 48 30 57 50 56 48 36 37 14 38 37 42 20 33 56 21 57 21 34 30 41 32 58 30 21 50 41 23 27 55 32 59 41 46 48 48 25 59 20 38 41 25 25 37 52 25 12 15 57 44 34 55 17 49 21 19 43 10 35 12 15 48 25 22 31 44 36 19 18 24 34 36 15 42 16 29 37 43 22 26 44 34 12 43 37 33 36 38 53 46 40 44 44 33 15 51 25 18 30 35 34 44 54 57 32 47 36 47 31 18
24 41 37 47 22 43 48 37 56 57 59 39 58 13 33 41 30 49 55 27 12 49 48 59 32 54 15 59 15 19 11 39 49 10 12 20 41 30 27 35 29 49 12 29 48 55 20 15 31 44 48 43 13 33 37 35 17 10 27 54 48 57 56 23 14 40 44 22 18 39 54 11 34 29 26 29 49 41 47 16 15 16 19 51 39 47 43 31 58 31 33 46 15 36 28 40 24 22 23 13 33 18 37 20 52 57 18 54 25 22 40 49 55 48 23 23 56 57 29 46 42 47 43 53 53 10 24 28 31 37 40 12 31 59 37 45 50 32 44 56 19 30 12 11 37 34 51 14 35 26 26 25 22 32 41 47 48 51 30 50 30 55 59 19 38 10 35 59 29 21 29 30 20 51 42 30 31 13 36 53 49 32 18 45 12 26 51 19 25 11 23 15 46 14 20 18 16 29 21 18
32 25 36 28 10 35 35 42 53 10 48 34 33 34 58 39 59 21 58 25 11 14 59 53 43 46 40 27 57 35 59 43 19 29 36 32 35 19 55 48 39 25 58 53 31 16 28 45 35 52 12 10 16 35 58 33 15 28 38 13 42 36 19 56 57 33 10 26 16 57 27 40 35 43 13 34 11 53 31 52 26 11 26 49 54 25 18 18 43 27 24 26 49 44 14 50 56 52 16 58 51 39 28 51 59 39 33 45 45 23 38 10 25 22 49 57 54 10 23 17 25 12 49 41 47 25 18 49 57 39 42 10 12 56 47 11 16 34 51 13 56 46 32 31 14 28 50 27 58 55 53 34 53 24 52 22 56 22 52 51 15 53 32 40 45 41 20 19 36 37 17 25 46 28 57 45 40 44 17 25 23 34 17 20 33 49 26 42 27 16 17 26 25 39 34 12 23 43 14 23
11 14 26 12 37 44 27 39 24 51 39 37 12 39 26 38 33 55 45 41 35 21 33 10 34 36 12 33 20 15 15 53 50 36 12 35 57 14 57 27 11 44 17 27 55 45 51 54 48 56 14 59 12 57 30 45 40 52 50 59 57 48 41 57 17 56 48 57 43 33 30 10 35 47 18 31 25 43 51 43 46 45 39 58 31 56 53 29 21 34 15 21 22 40 49 10 10 36 22 50 14 10 49 13 50 52 15 29 30 45 27 26 35 49 31 31 48 16 25 48 48 30 43 58 26 35 57 43 31 39 56 43 18 46 26 12 20 20 29 51 57 21 52 16 59 17 30 56 37 15 58 33 14 38 16 29 26 37 17 23 42 36 29 12 36 55 23 57 44 37 23 44 15 45 20 13 26 26 30 51 10 45 12 13 44 23 23 14 19 19 46 24 21 26 11 30 29 49 55 46
29 57 32 10 36 55 43 12 56 36 31 31 59 10 19 29 27 21 54 43 24 47 14 24 24 33 39 15 55 17 45 30 28 36 10 39 30 33 48 11 17 31 39 15 51 43 48 26 16 47 28 43 56 23 40 23 48 27 32 35 27 10 54 36 18 26 20 55 42 39 37 19 35 31 10 18 18 34 30 19 27 35 17 34 43 29 53 22 57 19 16 14 18 43 57 39 32 25 56 40 27 37 11 58 26 59 27 47 24 37 56 50 39 11 14 57 55 49 42 33 55 54 30 57 31 32 39 26 41 18 21 39 55 25 27 52 15 34 13 37 41 27 13 53 37 40 54 27 48 31 32 12 18 12 31 48 23 18 33 25 26 17 21 32 38 27 30 24 22 47 13 45 18 14 57 52 10 19 18 33 48 33 54 53 15 16 59 46 57 53 16 12 26 49 22 43 55 41 26 44
57 58 50 54 35 36 45 49 16 43 46 51 38 26 27 27 18 57 49 58 18 39 25 42 31 41 18 22 41 44 33 15 57 13 39 36 15 36 19 15 14 39 35 42 12 42 57 40 34 55 45 13 45 30 15 28 17 54 19 56 41 54 48 59 45 34 54 43 21 13 43 44 56 50 26 41 13 40 31 49 27 56 19 23 57 31 25 19 45 33 53 28 32 59 27 16 36 35 53 41 13 17 26 40 20 16 45 45 51 29 12 27 50 27 12 59 38 23 27 35 11 44 29 41 28 59 44 12 46 14 44 24 42 42 58 23 59 30 27 56 35 47 14 24 21 21 27 57 46 57 59 14 55 27 57 30 34 38 56 42 12 19 24 36 50 51 12 35 51 29 29 39 42 32 49 16 22 29 25 36 52 26 56 17 14 32 32 49 39 17 13 19 56 14 10 27 27 35 50 25
39 53 31 34 23 14 53 55 50 42 35 42 22 51 38 46 37 10 48 29 22 57 49 47 53 37 37 37 56 44 30 18 38 44 34 26 20 19 34 34 48 35 23 57 15 36 34 18 48 49 13 23 58 10 35 57 20 42 51 13 41 20 27 13 24 23 38 44 17 19 19 13 58 11 18 52 23 36 34 45 35 45 42 27 45 23 57 11 37 36 34 30 55 30 52 32 37 57 50 47 41 26 35 11 40 21 31 11 45 57 26 12 39 35 29 29 56 15 53 53 13 54 36 44 26 32 23 47 40 57 11 29 49 25 10 42 17 18 43 50 32 44 38 34 24 50 39 50 26 22 54 17 39 47 34 37 21 41 20 53 44 22 14 25 15 41 19 24 22 28 50 48 38 45 24 33 12 17 18 55 40 23 43 29 34 47 33 57 53 37 16 45 13 24 51 13 38 33 48 19
40 50 34 15 33 18 45 55 22 33 15 14 59 59 25 41 18 46 33 34 27 57 25 13 41 53 30 14 54 34 19 34 54 14 32 45 19 22 49 21 19 11 43 54 50 34 10 46 35 56 12 34 37 47 17 52 55 14 18 15 36 45 15 49 59 50 41 36 48 11 42 19 12 50 16 43 22 25 42 51 48 46 31 41 10 28 24 21 33 40 40 35 50 35 32 12 15 33 34 41 27 14 49 32 16 18 55 31 56 35 13 11 17 42 58 31 55 29 50 10 18 28 45 45 46 49 40 52 45 49 11 38 22 24 15 16 25 59 52 32 38 18 46 20 28 49 59 43 11 43 18 36 25 27 37 27 43 52 33 42 13 29 38 14 55 17 32 12 14 47 36 27 46 29 32 15 10 16 20 55 20 51 51 17 56 41 10 14 54 11 49 22 32 43 47 26 49 56 54 54
30 48 36 25 35 42 33 28 44 40 35 50 19 50 19 27 42 13 24 35 16 11 19 45 54 52 46 41 10 35 45 43 18 18 30 45 33 40 37 22 44 20 30 50 33 57 41 31 17 39 39 37 34 25 23 54 38 40 54 45 47 50 38 20 48 29 35 19 33 26 42 38 26 57 19 40 26 52 38 28 42 11 57 40 32 19 26 39 50 19 38 58 18 51 37 27 55 10 57 39 20 58 44 47 25 55 44 31 55 54 33 21 24 35 30 20 48 16 13 47 18 53 36 49 43 52 50 59 49 53 10 29 13 38 12 23 31 48 44 14 58 45 47 12 26 41 22 30 26 40 59 44 20 17 17 34 30 14 19 23 34 10 49 28 50 35 30 11 56 37 41 52 58 54 32 10 26 26 19 47 55 28 20 15 40 17 31 18 34 44 46 58 45 14 41 52 43 53 11 57
16 35 35 19 36 25 41 24 12 57 25 47 17 11 49 45 22 25 46 39 18 54 29 11 43 16 38 56 54 56 32 38 16 51 49 24 41 29 40 14 41 42 18 36 55 15 15 26 29 44 37 12 13 10 42 15 39 30 18 49 40 53 59 20 27 37 52 37 27 23 33 57 46 29 11 23 45 28 11 53 21 34 38 23 12 43 18 17 31 43 45 33 48 41 11 35 22 22 25 33 23 24 54 22 58 27 38 21 23 59 33 36 50 47 31 48 51 48 42 19 50 58 54 41 59 36 31 50 49 51 29 14 39 44 40 40 41 17 53 21 34 20 37 15 30 59 18 21 26 19 35 22 40 27 28 56 20 19 10 40 41 17 21 13 49 57 48 47 57 26 36 10 45 50 41 52 20 24 47 46 53 52 34 50 45 12 10 20 48 15 24 44 13 13 34 46 59 51 21 12
33 53 20 40 54 18 58 35 11 51 24 36 39 28 13 59 33 31 47 56 14 56 55 36 40 16 43 13 10 15 29 42 35 19 43 48 40 57 47 37 19 58 42 42 47 56 59 53 45 38 55 26 54 28 19 56 33 52 15 56 26 47 47 50 52 28 13 27 33 31 33 10 58 49 33 59 51 54 59 39 59 40 34 22 59 28 55 16 23 36 31 10 54 54 16 55 23 27 59 33 15 57 46 30 29 37 24 24 20 58 37 49 32 46 42 38 35 29 24 24 49 22 24 27 47 56 32 47 33 10 25 23 17 26 33 15 29 53 36 40 30 38 15 29 51 32 26 58 25 34 32 34 54 11 20 20 50 13 51 35 16 22 36 12 24 17 51 51 27 14 58 35 15 44 47 24 30 55 46 51 56 44 26 10 38 39 52 32 25 54 57 17 36 26 43 23 11 25 56 14
10 22 13 50 18 26 17 15 35 48 34 54 18 22 17 50 27 44 49 36 26 35 56 17 24 31 43 57 25 52 24 47 23 58 51 53 45 57 37 41 46 10 20 22 20 59 35 32 57 38 10 52 45 10 16 47 18 28 13 52 51 12 30 57 38 47 29 58 55 52 17 10 47 28 12 35 14 27 25 52 49 37 13 58 10 36 44 10 32 21 39 38 23 38 36 30 18 48 33 37 54 28 50 28 31 17 15 40 53 32 35 55 30 43 38 44 59 20 48 48 30 18 53 57 11 12 57 19 11 29 34 38 23 29 51 14 54 23 59 34 13 16 27 45 53 24 56 19 13 35 35 15 57 20 19 52 43 31 55 59 31 54 10 14 10 27 29 50 15 43 18 58 34 57 16 39 37 47 35 58 58 13 47 18 26 36 31 35 19 57 57 15 20 46 20 33 39 56 31 48
35 50 59 15 52 16 47 58 11 23 33 20 44 14 21 55 26 34 54 17 44 10 35 26 49 36 53 18 53 38 51 34 11 29 13 24 27 48 28 37 59 18 42 36 49 29 18 25 14 53 44 39 41 29 47 40 58 45 17 35 53 20 13 57 50 54 59 23 33 51 36 34 28 40 44 45 35 44 15 24 46 30 44 48 37 53 26 29 17 35 45 14 29 15 32 14 51 55 48 29 51 15 19 39 10 23 27 51 53 23 27 20 54 28 17 54 59 35 13 47 20 29 44 44 59 45 36 38 46 37 48 13 48 45 28 36 10 32 15 20 44 58 10 15 50 29 33 47 37 29 40 40 58 15 25 37 38 24 45 45 22 48 55 11 49 50 19 57 35 41 51 25 57 58 49 31 21 31 23 43 53 32 14 50 12 13 15 27 16 39 19 36 39 59 11 37 26 39 32 51
20 24 55 41 16 51 53 40 55 18 53 40 28 44 31 14 59 23 55 26 33 28 38 36 41 42 27 37 21 10 52 19 38 23 44 31 28 29 35 42 50 31 23 43 26 49 12 32 14 38 36 55 26 14 30 13 33 10 23 15 57 14 38 42 57 48 12 41 26 47 22 56 26 43 35 38 37 58 30 25 54 17 27 12 26 11 11 22 12 17 47 25 47 38 23 55 29 51 11 13 38 35 28 14 16 21 39 39 45 15 49 45 40 51 29 17 45 32 15 31 56 42 39 35 20 37 18 23 31 23 10 55 16 28 30 16 37 37 29 30 44 33 29 17 12 37 52 50 33 39 42 44 28 35 12 24 59 10 36 47 57 56 45 31 37 59 14 16 27 25 43 51 12 17 35 53 43 59 11 18 26 15 34 34 10 54 22 37 55 44 34 33 57 55 25 14 42 42 24 38
39 36 10 27 18 12 11 54 30 22 33 22 19 27 13 14 21 12 21 36 50 35 46 50 18 25 12 11 15 53 53 15 49 31 59 34 29 26 14 19 39 13 33 32 14 53 39 44 39 42 58 27 57 47 44 28 57 22 16 50 25 18 22 55 34 12 54 13 26 39 46 45 25 50 51 29 47 57 49 13 14 46 37 57 15 22 22 49 58 17 58 59 50 22 59 18 17 33 50 44 35 22 30 48 48 14 40 39 44 34 55 28 58 50 45 49 45 43 50 18 48 59 18 24 58 24 39 33 43 31 41 23 19 30 31 57 21 29 26 20 39 53 40 27 21 27 43 54 55 59 26 56 11 16 49 15 53 48 38 35 34 52 54 25 39 29 44 23 21 46 22 53 26 31 10 27 47 16 16 20 27 46 35 35 28 41 18 38 48 29 39 38 28 18 27 11 21 59 33 49
53 22 15 19 33 32 41 53 51 24 57 59 55 36 28 24 18 39 43 53 52 30 39 34 22 28 20 33 48 43 56 18 35 51 17 25 37 47 31 30 50 31 32 45 24 27 38 23 57 20 10 55 50 52 43 34 52 19 17 32 15 32 40 25 38 35 18 25 45 25 59 51 49 45 41 32 18 17 57 26 59 13 27 54 51 41 53 36 43 57 40 49 25 14 45 13 20 37 48 46 35 10 50 57 14 56 37 43 14 44 47 11 23 47 52 25 47 45 26 22 29 52 45 51 23 39 11 34 38 31 50 52 29 10 48 35 22 34 35 10 58 41 22 41 30 36 13 29 45 19 37 35 38 22 11 31 57 39 45 37 51 18 39 28 35 54 52 47 11 38 24 39 52 20 38 31 31 52 11 32 23 10 28 12 58 25 38 43 48 43 39 50 25 23 22 31 50 53 58 32
56 51 32 33 28 50 59 47 30 41 26 48 40 20 38 23 56 52 40 49 51 30 38 22 45 15 10 30 22 10 53 19 35 13 45 35 32 28 42 20 47 16 18 28 43 35 12 30 18 30 22 36 29 40 58 26 37 19 37 22 56 27 55 55 37 25 50 32 42 59 22 20 43 49 24 24 20 14 42 18 16 50 26 36 50 46 18 42 15 41 35 17 15 10 25 11 38 47 48 24 57 54 48 38 27 25 50 55 36 33 21 39 53 43 55 33 10 33 11 25 39 45 49 22 50 19 57 49 40 28 38 43 57 19 43 13 24 18 56 39 27 11 22 40 57 36 15 59 32 54 30 29 30 16 38 44 45 21 23 38 30 29 20 46 29 18 15 31 42 33 39 53 30 31 25 22 19 18 52 18 55 12 56 16 43 41 22 41 32 19 23 20 29 21 59 53 11 39 27 15
36 19 37 53 39 44 33 35 41 29 15 56 24 20 52 34 26 35 12 57 15 10 42 52 29 30 37 41 39 57 15 56 48 40 23 21 24 55 42 29 24 22 42 46 26 17 41 34 34 54 51 26 58 54 33 53 43 44 51 18 58 46 21 29 13 58 20 49 58 31 34 49 41 46 42 52 25 27 52 40 54 47 45 37 35 58 53 51 14 21 41 45 55 10 26 52 20 27 20 38 19 22 18 16 53 38 57 16 54 10 18 59 26 57 14 24 10 15 37 43 33 36 47 31 15 33 16 28 53 19 55 18 22 59 54 23 14 59 41 52 56 29 53 52 20 36 35 55 38 45 14 45 53 50 53 58 21 10 19 22 50 12 37 26 53 35 56 25 56 23 18 17 32 35 43 25 55 17 40 38 29 12 50 32 45 22 25 53 11 18 12 26 45 56 54 53 57 49 48 24
18 18 31 24 17 56 49 16 20 57 59 53 25 28 15 59 52 25 22 57 31 59 31 22 19 21 57 28 43 57 25 39 47 31 37 23 12 45 14 17 39 33 55 43 25 15 35 56 38 45 30 18 14 24 22 19 17 32 41 18 31 31 46 51 17 23 23 17 17 59 28 30 10 18 31 48 53 37 11 10 56 16 46 13 39 14 20 52 39 37 55 18 18 30 47 44 14 26 29 45 32 12 31 30 21 15 47 52 19 29 24 32 58 37 35 42 44 41 49 19 50 27 14 43 33 47 28 10 29 58 44 25 23 20 13 50 38 26 24 27 31 10 13 36 58 33 17 28 10 30 30 26 58 49 25 15 57 31 26 44 52 26 44 30 35 54 20 59 46 46 39 37 57 41 32 28 36 21 46 22 38 42 50 41 42 35 37 12 40 38 53 42 21 51 21 59 27 40 24 18
29 44 26 33 51 10 57 53 57 50 45 21 22 52 18 13 35 59 50 42 55 16 31 34 52 54 35 59 48 28 21 51 11 18 22 17 14 18 36 43 54 48 15 59 54 21 52 29 23 31 16 49 26 41 57 36 28 18 30 54 35 17 30 41 56 33 57 34 55 15 15 57 23 32 27 49 34 57 37 12 57 19 21 15 23 34 24 26 11 55 23 30 28 57 40 47 54 41 57 48 38 19 33 16 50 58 23 53 29 22 26 38 56 26 33 47 32 44 54 36 38 10 22 49 29 47 11 24 53 37 57 36 22 19 16 54 36 28 36 19 33 36 38 45 43 49 16 34 58 23 48 36 32 32 10 54 41 10 20 14 45 56 49 57 28 49 25 26 27 38 56 56 12 50 20 32 32 16 54 36 14 39 10 58 33 40 23 28 57 54 58 31 43 17 38 50 28 28 57 38
29 51 20 15 50 52 45 24 23 41 13 26 41 21 42 11 54 43 37 58 18 49 28 52 28 43 34 41 50 20 31 40 30 24 47 21 34 40 32 42 32 31 14 22 19 44 18 12 21 47 55 47 28 18 32 40 44 44 48 20 39 43 56 51 29 32 25 22 34 55 33 53 50 55 52 29 50 15 27 45 35 31 18 20 33 32 53 43 29 40 39 45 44 38 15 58 47 38 35 44 32 30 11 15 18 31 56 48 49 58 15 24 52 35 22 32 55 23 45 20 38 22 10 39 32 21 12 57 31 27 29 16 46 35 17 25 46 26 31 38 38 42 39 57 15 12 50 22 11 44 23 49 40 52 32 28 23 18 37 31 20 40 40 32 42 38 35 20 29 16 56 42 55 24 32 59 34 27 21 36 26 44 25 19 10 19 26 59 13 23 48 44 44 36 39 31 35 43 30 12
39 46 49 34 57 10 23 31 50 22 18 24 30 21 29 31 17 57 54 18 54 17 36 57 31 51 48 51 29 48 19 40 39 19 56 25 17 54 44 20 42 30 49 43 50 20 26 28 20 29 53 25 12 27 49 14 49 42 38 39 21 49 34 29 38 11 35 50 33 44 40 18 33 16 21 52 26 39 11 15 19 20 11 19 48 55 19 38 38 40 35 14 15 26 29 53 23 56 16 30 21 38 25 19 39 34 29 28 43 15 59 28 37 29 34 47 25 40 56 37 52 58 10 41 19 43 30 19 45 11 40 54 55 26 54 20 14 34 32 43 20 28 59 23 18 56 37 43 19 11 10 17 49 43 52 52 55 38 37 37 10 50 12 35 49 15 49 42 15 45 36 39 28 17 28 26 55 24 43 50 35 12 39 35 14 36 25 48 26 39 13 21 19 44 21 33 51 57 56 13
51 19 16 12 36 15 36 15 18 52 55 53 25 30 38 58 57 23 38 17 42 11 30 25 52 24 40 53 57 39 12 49 16 13 51 32 20 56 44 47 30 21 54 29 50 58 16 29 55 49 37 10 20 42 50 13 41 13 17 51 33 21 38 51 45 52 31 29 42 46 28 26 37 46 25 51 31 13 33 28 30 16 43 37 50 30 37 22 48 33 55 13 12 57 35 19 18 31 51 25 25 43 30 41 17 14 43 38 51 16 46 41 21 39 46 54 36 26 22 43 45 57 48 13 18 32 11 57 52 41 43 42 33 44 17 54 32 21 36 36 16 38 53 16 53 28 12 52 49 28 45 59 47 45 18 13 55 27 36 39 47 29 28 55 22 38 24 53 24 57 54 54 58 20 46 36 12 57 56 26 52 32 26 22 13 17 46 12 39 17 37 15 13 46 50 55 41 53 48 25
33 12 34 50 20 50 20 32 22 32 38 37 51 46 45 19 26 13 39 41 55 49 59 23 20 34 25 26 39 53 56 35 37 11 44 33 54 31 31 15 48 31 50 30 55 58 33 10 51 14 57 47 37 48 25 56 15 44 45 49 16 53 43 33 35 58 44 23 50 35 52 10 23 53 23 50 46 55 18 14 43 37 29 21 17 31 23 28 11 11 47 56 37 21 54 46 37 32 34 40 49 10 22 28 51 44 30 45 55 14 36 46 17 41 46 39 11 17 16 17 43 47 42 39 31 17 38 25 23 45 32 14 28 34 27 58 30 17 31 57 46 31 31 38 18 24 27 31 59 48 54 26 49 59 56 26 11 32 26 17 41 10 25 49 45 15 48 44 21 17 48 28 59 10 21 44 28 14 35 25 43 45 20 42 57 39 57 57 21 55 20 12 39 16 46 16 47 20 43 46
34 28 48 22 23 33 25 11 59 33 55 32 16 30 13 56 12 53 40 26 41 41 26 50 58 56 40 43 49 21 43 22 54 35 34 42 11 45 18 56 12 51 50 25 50 28 42 42 32 22 39 31 22 51 21 22 38 57 25 49 54 50 41 24 24 22 32 53 45 52 10 32 54 18 12 40 12 18 17 26 45 31 51 43 18 29 40 20 47 34 14 19 53 20 20 44 32 15 57 21 25 17 44 20 38 35 13 20 47 17 19 34 54 11 14 55 54 25 50 53 28 14 17 53 53 29 42 55 35 19 46 51 26 58 54 19 44 30 26 27 29 26 36 48 35 39 16 35 14 18 27 39 42 43 39 29 11 57 32 15 18 14 16 31 34 34 16 10 30 31 35 31 23 56 32 48 41 57 58 26 10 21 25 42 50 33 17 11 56 30 19 21 25 13 55 55 53 44 52 26
44 27 19 15 32 54 34 44 40 51 14 57 30 29 45 14 13 36 59 33 26 49 35 12 42 14 50 47 48 48 50 24 29 20 34 48 50 14 34 59 44 31 54 36 25 56 14 30 30 48 30 44 17 37 17 55 50 37 20 35 30 44 44 37 56 32 58 40 14 23 32 18 56 24 10 46 18 56 54 27 17 37 21 57 32 38 41 58 40 34 31 23 31 35 55 52 34 16 41 43 53 56 27 16 33 56 57 15 46 37 33 20 25 29 12 19 10 54 16 40 15 56 45 52 28 23 13 51 31 12 42 42 30 13 36 11 28 48 41 44 42 46 17 10 57 43 24 31 23 46 58 16 57 56 18 34 34 10 59 51 54 42 52 38 42 16 23 26 37 30 35 36 13 53 44 40 43 41 50 37 25 26 38 23 17 11 40 17 57 29 26 12 49 13 21 49 56 33 52 37
42 11 38 32 29 22 14 36 49 40 44 59 54 22 53 50 15 15 44 38 23 11 16 59 48 15 53 34 24 22 42 40 33 58 27 17 46 33 52 32 48 15 26 16 20 41 33 21 10 22 37 31 57 59 27 24 21 13 30 28 20 53 14 52 47 20 56 30 35 28 59 20 54 38 38 57 46 42 10 41 50 29 25 16 13 51 57 54 11 16 56 33 50 49 12 15 55 48 32 33 47 51 27 26 38 52 24 57 40 22 11 21 54 22 42 38 17 56 58 40 39 52 55 52 58 29 18 35 57 32 53 56 37 45 21 55 14 16 22 26 41 16 18 50 48 10 12 22 48 34 54 37 18 52 16 37 27 45 19 17 28 40 49 27 52 42 43 18 55 13 47 47 46 35 19 16 11 28 12 51 49 41 49 46 57 21 40 38 59 15 38 34 50 35 38 34 55 12 35 42
19 17 15 44 11 57 20 33 49 34 31 44 42 34 41 25 19 43 19 30 33 45 54 39 22 23 37 20 10 59 10 50 39 12 46 28 35 18 41 30 26 45 27 51 10 49 43 20 41 57 43 19 37 54 33 22 30 16 35 22 21 39 28 28 48 33 24 27 23 49 19 46 48 41 18 52 57 33 42 53 55 21 28 11 44 11 46 35 35 56 15 39 46 16 23 25 48 37 33 40 58 31 32 29 41 55 27 45 39 58 55 21 41 40 36 33 28 24 49 36 18 39 15 44 51 39 29 58 40 24 53 33 13 31 25 10 14 51 27 58 20 51 59 53 56 34 16 20 45 21 38 31 56 19 19 14 22 49 44 26 35 53 21 52 20 45 33 28 57 45 26 14 44 59 23 33 40 56 55 26 18 20 41 11 35 54 23 34 26 13 40 28 37 20 14 48 11 46 43 30
57 27 17 12 15 14 13 47 47 22 14 40 43 28 58 16 44 12 28 33 41 13 11 49 24 49 46 24 15 24 30 52 58 13 16 38 16 43 14 41 50 25 28 50 33 32 13 53 57 14 41 47 50 28 32 54 35 20 33 40 43 28 36 21 53 29 28 27 28 28 35 48 32 52 12 55 11 46 33 25 34 40 18 10 16 32 21 43 53 40 40 37 46 47 48 21 55 34 37 19 43 29 10 58 35 15 11 40 20 13 47 28 52 59 23 55 13 45 13 42 59 46 15 10 21 24 25 52 54 59 44 15 19 13 50 22 53 43 34 12 12 24 29 56 15 20 45 10 29 46 49 40 54 26 51 57 30 40 27 19 47 27 25 36 35 38 56 38 42 38 53 46 24 39 35 46 30 52 20 26 54 53 52 32 14 57 18 36 50 31 21 13 35 46 13 28 37 55 15 36
36 52 13 55 12 41 53 22 11 21 49 26 50 20 38 18 18 51 17 28 41 14 28 52 58 33 49 56 22 11 50 48 40 23 37 14 22 28 18 50 10 18 41 34 56 49 52 38 28 21 55 33 19 34 25 21 23 51 59 54 31 10 22 10 17 38 57 29 47 15 14 13 17 14 47 27 24 53 46 37 53 29 33 56 38 52 28 41 31 47 56 23 35 51 56 49 18 58 45 50 57 38 33 53 26 36 55 55 59 56 13 47 58 26 32 58 43 33 46 39 13 27 12 54 59 26 38 18 32 16 54 19 55 23 43 10 20 28 29 24 18 14 29 32 14 59 14 10 24 55 13 51 18 23 10 45 21 59 15 23 16 38 59 41 30 26 54 16 17 39 17 37 57 10 58 25 50 19 58 20 47 12 35 47 47 18 31 32 49 36 36 20 15 13 21 50 29 12 28 50
46 50 59 28 46 31 38 48 38 30 36 25 10 35 10 37 54 24 35 40 13 47 13 28 28 51 58 41 35 57 21 38 33 17 59 56 49 47 15 13 17 59 22 18 48 23 56 56 20 34 33 25 13 48 54 55 38 12 48 44 50 40 24 56 38 14 27 20 24 45 57 50 16 56 38 36 56 41 50 43 24 26 16 22 32 45 17 51 42 45 48 21 31 38 14 15 13 10 46 14 21 54 14 16 23 15 48 37 55 56 52 16 31 21 44 59 51 20 53 25 47 20 22 11 19 13 25 27 36 18 50 53 47 36 47 41 14 26 55 34 54 22 16 59 51 23 36 43 46 45 38 33 36 26 18 43 33 22 52 35 32 51 13 58 18 24 27 56 19 58 32 38 10 11 42 37 12 23 39 41 45 13 24 30 15 14 40 35 29 23 27 52 59 58 15 30 39 34 35 21
58 44 29 47 12 35 51 41 36 11 22 19 49 53 45 10 55 30 47 48 40 13 42 28 43 45 59 34 15 53 18 32 10 35 49 19 10 31 35 14 43 13 37 13 15 56 51 32 30 56 22 33 27 27 29 53 25 57 58 56 49 23 40 34 52 57 13 43 40 22 54 22 56 36 47 52 52 38 48 30 44 18 15 56 37 11 16 14 23 34 34 36 54 47 29 56 49 51 10 52 32 33 46 21 41 22 48 28 25 24 26 45 44 58 58 55 51 30 45 49 22 11 42 49 17 25 12 37 50 35 42 14 22 22 19 48 46 16 44 46 22 33 27 10 14 56 50 33 55 52 17 11 56 56 33 49 18 27 30 40 26 20 14 34 36 31 23 17 42 47 12 17 38 50 33 35 58 13 51 35 20 55 56 14 29 15 48 46 21 15 14 28 50 57 33 31 59 31 13 48
44 19 15 37 53 20 10 10 58 41 49 39 50 48 16 15 39 38 58 59 10 10 40 23 14 33 13 52 48 58 17 55 57 48 37 49 48 16 13 43 51 51 28 41 39 29 55 17 40 52 38 36 58 42 51 57 28 50 37 16 33 33 18 16 10 53 23 20 10 28 49 36 36 10 32 27 34 50 41 43 30 21 34 54 34 46 41 10 10 54 17 15 29 18 30 50 14 20 45 22 55 33 21 30 43 40 13 57 25 50 49 17 44 12 15 31 58 53 24 32 11 52 33 41 16 48 58 12 19 41 35 40 37 45 21 38 58 23 18 21 10 59 25 29 28 35 55 52 42 13 47 59 25 52 35 26 51 58 46 27 31 39 56 28 14 39 34 41 28 43 39 22 46 52 33 15 43 29 50 47 45 34 52 44 37 36 44 17 37 38 19 17 43 14 36 28 39 43 43 54
20 12 16 34 37 15 19 44 35 46 53 50 34 33 43 31 43 50 14 24 35 27 45 18 26 49 40 21 24 43 36 12 19 48 38 18 55 28 41 48 30 32 48 58 11 14 29 27 40 36 26 44 15 39 22 49 25 41 52 38 36 20 28 39 30 29 17 23 34 34 43 57 19 54 44 33 47 43 40 33 22 12 59 53 29 25 13 51 56 58 57 35 37 22 36 47 49 48 26 18 43 27 14 32 33 16 35 28 50 46 12 59 58 10 59 10 55 45 54 57 39 52 21 30 18 58 25 19 32 22 42 39 30 51 35 13 54 13 49 20 23 34 15 12 57 18 12 59 41 48 21 59 12 30 40 37 19 22 50 46 50 39 55 30 41 34 14 40 15 30 31 54 12 36 14 26 18 55 22 34 59 16 39 35 38 23 55 37 38 51 21 31 29 55 39 57 10 56 16 10
32 55 23 41 14 43 45 33 53 19 41 53 46 32 35 48 48 31 17 50 58 47 33 27 58 46 50 36 39 14 51 57 36 55 53 17 54 48 31 39 16 23 21 14 56 38 17 11 59 14 32 42 45 43 29 51 42 11 46 19 11 11 53 31 34 32 35 29 27 34 25 50 28 46 24 38 44 21 43 17 43 43 18 18 33 51 15 14 33 17 39 24 37 27 37 22 44 40 26 57 17 25 36 22 28 13 17 28 15 15 22 45 34 52 36 19 24 19 35 16 39 23 45 16 23 24 48 37 33 34 58 21 13 39 52 31 31 30 58 39 43 10 20 54 34 45 13 13 49 20 20 56 34 29 30 43 45 53 48 43 10 56 42 42 13 38 23 36 36 26 28 51 15 47 42 41 33 52 29 20 22 52 31 32 50 26 32 15 46 11 24 25 31 54 30 46 13 56 12 12
41 54 57 53 47 48 35 42 35 39 51 43 30 55 40 28 44 47 27 31 49 15 23 32 57 45 31 40 59 41 17 56 51 49 26 53 11 23 50 34 46 52 31 31 58 30 24 46 58 58 54 32 20 21 50 24 21 31 57 29 19 39 31 21 28 57 37 42 10 46 33 48 40 16 30 22 23 38 53 51 56 35 55 48 42 14 30 42 24 40 54 27 17 33 28 24 46 25 58 55 24 20 12 32 34 42 31 58 18 56 32 14 14 13 12 57 19 56 16 41 25 10 56 36 19 11 42 56 57 15 23 46 29 27 11 34 43 59 17 28 27 54 35 34 23 28 14 56 40 59 26 30 11 57 14 46 55 39 14 55 17 30 20 43 31 35 51 48 41 56 26 37 41 33 19 56 31 54 38 53 51 14 47 13 48 13 41 15 28 52 59 26 21 37 33 28 53 13 47 56
38 14 44 36 55 26 30 59 32 25 57 51 26 10 49 10 16 44 51 49 54 25 57 11 38 38 33 41 50 35 58 16 12 19 46 21 36 53 31 49 49 38 37 43 50 29 19 46 14 32 56 19 48 55 55 57 27 46 22 31 11 19 17 10 39 45 17 55 55 22 49 57 44 48 22 23 18 47 11 20 29 48 49 46 56 55 25 40 49 41 16 38 17 32 17 41 11 55 55 43 55 31 19 38 17 59 51 28 41 33 59 43 59 26 10 41 26 18 59 31 44 42 52 11 39 42 54 59 48 13 31 18 42 18 46 52 57 45 53 55 17 15 21 21 10 14 38 36 10 42 48 43 21 59 18 34 11 33 15 41 35 35 49 39 35 43 49 15 46 48 27 48 10 54 20 20 23 23 57 10 34 44 21 25 21 33 54 52 50 37 25 10 13 21 17 16 40 13 19 48
42 30 45 21 51 36 47 56 11 22 24 25 54 49 13 36 23 26 18 44 14 58 39 25 37 58 14 14 45 56 56 48 22 44 48 18 14 46 42 27 42 39 16 32 21 53 42 38 31 19 25 12 12 39 13 37 31 33 25 40 14 14 27 47 37 59 50 53 27 46 58 44 27 31 31 13 25 56 34 53 33 29 40 28 28 30 34 57 42 14 12 21 11 30 21 31 36 49 38 53 17 22 54 52 28 12 32 14 10 48 41 29 53 41 31 17 27 18 11 43 28 48 17 38 35 12 59 31 18 28 14 41 22 34 42 51 32 24 55 33 38 40 32 49 19 51 33 32 50 17 38 51 35 40 31 17 34 52 39 27 40 22 11 12 58 43 12 40 49 41 59 23 43 38 46 35 24 44 51 49 25 23 22 41 50 35 51 37 10 18 52 58 20 58 46 59 25 56 32 53
14 25 46 55 24 29 23 30 13 40 57 16 24 34 30 35 46 47 41 37 37 17 28 58 38 25 59 20 10 37 14 40 59 59 25 26 22 42 22 44 34 54 15 50 49 35 56 46 39 38 34 42 52 26 56 55 54 55 53 40 20 44 31 45 59 45 45 53 23 23 39 46 16 14 53 26 40 55 41 15 57 49 13 46 55 41 13 53 21 11 55 55 39 20 40 33 26 19 42 19 25 18 31 17 17 51 36 53 58 45 28 10 18 58 34 17 57 43 44 28 13 42 35 37 26 34 11 44 59 23 12 37 19 12 13 27 22 33 54 53 51 53 37 50 37 47 17 12 53 58 52 29 17 45 21 54 34 29 21 14 13 47 55 51 46 36 17 57 33 41 13 27 52 42 54 46 39 48 23 56 29 54 37 14 51 37 21 46 13 29 58 13 25 20 43 26 32 47 48 48
25 28 37 53 43 12 43 31 11 16 24 59 43 34 58 49 37 40 23 17 10 56 48 56 33 23 40 37 40 28 17 10 40 57 36 31 12 11 37 48 52 38 16 51 18 19 57 56 44 36 11 49 53 19 54 46 58 39 44 51 53 18 45 18 15 32 11 29 10 11 54 38 33 25 40 21 39 19 17 53 50 17 31 11 59 20 20 32 21 23 46 40 46 12 15 53 15 37 53 53 53 41 21 28 34 33 20 22 11 23 47 57 28 41 30 26 19 45 28 36 32 19 48 20 31 48 22 54 55 22 56 45 46 14 22 52 45 37 24 19 48 16 33 53 29 41 32 56 15 52 55 36 41 17 23 53 18 44 42 57 38 30 12 37 10 52 11 29 56 16 12 55 55 34 41 15 32 57 53 14 49 58 55 27 40 24 43 40 36 48 37 20 27 13 49 21 27 24 51 47
13 24 53 44 34 31 24 24 46 34 10 46 58 58 19 33 20 24 53 44 13 28 31 17 31 13 39 32 47 36 32 21 30 28 19 40 51 49 41 36 55 29 57 36 41 51 55 33 15 39 47 33 42 33 55 42 55 31 23 11 16 42 16 20 41 56 23 40 58 22 11 36 42 53 33 29 10 39 18 10 48 14 45 35 30 19 16 34 40 37 29 14 37 44 47 14 36 55 16 39 28 59 44 35 57 18 49 45 54 51 51 51 47 50 57 40 11 11 49 16 10 26 32 24 40 48 50 26 14 13 34 42 21 45 54 27 47 56 39 38 50 54 23 30 47 33 40 30 44 58 17 40 35 24 52 52 35 40 49 58 11 19 57 48 47 51 49 27 36 47 44 55 12 33 31 42 44 22 57 55 37 48 23 49 48 13 11 39 29 12 46 36 11 20 25 27 14 17 59 48
38 27 45 41 11 23 55 43 22 48 20 58 56 53 12 34 50 33 46 44 22 13 14 40 16 42 48 19 10 59 22 11 46 29 17 34 44 25 35 36 24 47 24 54 24 51 50 40 25 12 26 43 41 52 29 30 59 33 55 22 45 29 20 15 47 30 47 50 17 54 41 32 41 36 46 52 13 14 36 33 43 28 22 32 35 21 21 24 24 55 18 49 21 51 30 46 10 58 36 37 42 55 57 42 56 12 14 20 58 45 17 53 33 33 34 16 16 43 32 13 33 50 29 13 50 42 17 21 12 13 38 50 13 14 48 15 55 34 59 22 24 22 24 44 28 23 59 11 21 12 54 46 38 25 58 43 53 44 30 35 28 42 18 57 18 16 28 35 14 45 57 46 53 49 41 36 28 30 32 53 37 35 33 27 46 40 42 13 20 28 28 41 45 56 17 59 15 27 45 38
42 35 17 41 15 56 46 24 54 33 13 32 30 45 20 38 48 16 36 57 45 36 38 19 51 30 23 36 31 38 33 40 56 48 29 51 57 24 42 39 10 31 58 22 32 30 20 51 43 36 58 26 22 54 40 43 45 32 33 42 17 58 48 26 33 32 22 15 14 25 14 58 21 49 19 17 35 47 29 55 15 44 18 24 54 45 56 55 17 20 10 47 27 14 41 55 52 35 44 43 13 11 10 36 51 46 10 28 14 27 14 16 56 13 48 33 42 17 15 14 16 58 14 45 24 39 20 18 42 48 46 51 55 50 28 19 12 36 14 41 52 54 42 45 56 34 20 36 58 17 53 53 28 25 14 42 26 48 35 19 35 22 23 53 47 39 52 43 13 49 33 56 39 23 20 21 25 10 57 58 32 38 30 37 32 27 40 57 49 39 15 36 56 57 40 27 20 13 55 45
21 36 23 24 11 35 44 29 24 42 13 51 51 16 29 59 36 32 42 21 39 27 30 36 56 33 31 58 32 37 40 24 17 39 58 25 53 57 18 11 58 43 47 42 21 20 49 57 51 34 49 41 53 14 50 11 11 10 48 29 18 53 10 53 12 20 47 19 30 56 43 25 22 48 15 48 38 54 13 47 16 49 30 59 22 31 36 33 32 25 24 46 14 11 38 48 36 43 30 51 37 38 27 23 46 55 17 23 40 43 44 47 24 13 57 47 26 44 15 34 50 19 39 48 46 48 42 28 15 19 58 50 47 11 22 35 29 52 45 55 56 25 56 34 36 29 31 37 31 45 48 35 52 47 25 43 55 50 37 11 41 25 16 26 19 33 52 23 17 14 21 12 37 36 48 42 40 15 12 15 59 55 55 12 49 42 48 56 47 50 57 48 23 57 38 29 17 58 56 47
