20 50
28 13 27 10 14 12 25 27 28 24 26 17 21 18 18 12 16 20 26 28 15 29 23 25 12 20 29 13 11 14 16 23 12 16 22 14 21 28 29 15 16 27 17 23 18 22 24 19 15 25
23 20 12 14 28 28 27 26 14 26 29 16 25 27 27 21 28 13 13 17 17 24 17 26 12 15 11 19 17 23 21 19 29 28 18 13 17 15 29 16 11 26 15 12 28 17 19 20 15 26
15 16 26 24 20 18 22 17 10 10 12 15 28 11 26 26 15 24 18 29 28 15 10 13 27 11 11 17 28 20 27 21 17 27 11 20 23 11 20 13 10 11 28 16 26 28 15 22 19 22
26 18 24 14 19 13 10 20 20 13 21 15 28 28 20 18 16 12 28 29 13 19 12 26 12 26 26 26 25 13 14 10 10 21 20 16 23 15 29 24 13 26 24 23 27 19 25 20 21 19
23 11 12 20 24 28 29 27 12 21 26 11 25 20 26 12 15 25 12 29 26 26 12 16 18 22 23 10 27 26 29 28 15 17 14 17 11 21 29 29 13 25 21 14 14 12 25 11 26 26
22 15 15 18 17 11 15 11 21 10 18 28 22 26 20 18 10 15 18 23 20 20 11 21 13 21 26 12 20 10 29 18 19 25 27 15 12 20 21 26 24 26 20 22 21 20 12 14 27 15
16 23 17 19 18 25 11 27 11 10 14 13 18 29 11 23 17 12 15 16 27 27 12 12 20 17 14 20 12 10 19 25 17 12 19 22 17 16 15 22 13 27 17 27 12 12 19 11 18 19
12 10 18 16 28 25 25 25 26 22 17 26 24 17 20 12 10 16 16 21 23 16 15 24 10 27 13 28 10 28 13 14 22 28 23 11 14 15 29 21 22 19 17 27 24 25 15 13 12 20
18 19 20 19 27 19 15 12 12 29 27 29 23 27 10 21 11 14 14 17 20 28 25 12 24 19 20 20 16 21 13 25 10 16 29 18 26 10 28 21 23 22 20 20 26 11 19 21 28 28
26 23 19 11 19 23 17 22 14 28 29 15 23 14 28 25 28 13 22 24 11 11 24 11 12 18 21 14 25 17 23 20 11 12 15 15 12 14 24 29 11 12 21 17 28 11 16 29 10 20
24 25 22 10 13 12 27 26 24 14 14 12 28 26 20 18 24 20 12 24 13 11 26 10 26 25 15 10 18 15 18 26 26 21 17 24 18 28 29 21 21 12 24 10 13 14 23 18 24 15
13 18 11 29 16 23 26 15 29 17 11 19 17 10 16 11 25 25 25 28 18 11 29 10 15 20 13 25 10 20 29 25 20 25 28 29 12 28 27 28 12 11 16 20 18 25 18 19 19 21
29 27 13 18 24 11 22 17 29 16 17 12 10 10 24 13 22 23 26 28 16 17 29 10 10 13 17 18 21 27 25 23 10 22 23 12 26 14 26 11 25 22 11 21 19 20 14 28 22 17
18 19 15 12 19 27 13 21 23 18 25 11 10 19 11 24 15 19 10 27 13 12 22 23 13 15 23 25 25 13 18 22 10 23 25 18 28 17 25 24 17 26 23 24 17 28 23 17 13 28
23 22 28 28 29 27 29 11 10 10 26 26 15 26 21 25 29 29 12 24 23 23 16 15 15 18 11 18 13 20 22 24 26 14 21 16 22 21 21 11 15 18 19 12 25 21 26 20 12 24
26 20 12 16 15 15 20 25 20 11 18 28 28 10 25 10 19 25 18 19 10 29 11 21 10 19 20 18 12 20 29 26 21 25 19 14 17 14 12 25 14 24 19 14 22 13 10 11 27 26
18 14 18 11 20 10 11 23 27 10 17 14 12 28 24 15 22 10 25 26 27 10 19 16 11 10 20 11 19 10 17 18 18 13 13 24 28 17 16 16 25 19 11 22 17 19 19 25 28 26
15 15 17 27 18 15 14 17 18 29 24 11 14 23 19 26 11 20 18 17 29 22 24 27 18 17 26 23 13 26 17 12 23 29 17 25 27 11 14 23 21 17 22 23 25 20 18 17 10 16
14 12 28 10 27 22 12 20 24 22 13 27 29 27 18 11 26 24 17 15 13 10 24 21 21 11 17 29 20 17 10 11 12 24 22 10 26 18 27 23 29 13 29 11 22 19 19 21 21 13
28 12 24 15 10 24 12 22 11 10 14 17 18 19 20 22 26 11 23 19 11 29 14 14 29 19 19 11 27 18 13 17 17 24 28 20 28 20 13 18 18 17 28 28 19 17 22 26 14 20
