114
0 0 1 0 1 1 1 1 0 1 1 1 0 1 1 1 0 0 0 0 0 0 1 1 0 1 0 1 0 0 0 1 0 0 0 1 0 0 1 1 0 1 1 1 0 1 1 0 0 1 1 0 0 0 1 1 0 1 1 0 0 0 0 1 0 1 1 0 0 1 0 0 0 0 0 0 0 0 0 0 1 1 0 1 1 0 1 0 1 1 0 0 0 0 0 1 0 1 1 0 1 1 0 0 0 1 0 0 0 1 1 1 1 0
52 55 1
83 84 1
75 76 0
41 42 1
22 23 0
57 61 1
109 110 1
70 75 1
50 63 0
85 86 0
39 40 0
66 67 0
4 7 1
5 6 1
38 39 0
46 47 1
97 100 1
96 97 0
37 69 0
34 35 1
88 90 1
6 30 0
42 43 1
8 9 0
106 107 0
32 33 0
72 73 0
31 87 1
88 89 0
45 46 0
53 54 1
57 58 0
45 78 1
25 28 1
87 88 0
13 14 0
110 111 1
47 48 1
58 60 1
2 18 1
105 106 0
71 74 1
96 103 1
78 83 1
36 51 0
63 64 0
91 92 0
71 72 0
1 20 1
26 27 1
20 29 1
100 101 0
2 3 0
23 24 0
55 56 0
87 91 1
39 96 1
30 31 0
64 65 1
4 5 0
0 1 0
16 17 0
105 109 1
43 57 0
3 4 0
31 32 0
13 16 1
112 113 0
103 104 0
61 62 1
111 112 0
44 45 1
84 85 1
14 15 1
10 44 0
98 99 1
11 13 1
70 71 0
46 105 0
22 25 1
48 49 0
66 68 1
80 81 0
63 66 1
91 93 1
37 38 1
58 59 0
3 8 1
1 2 0
18 19 1
49 50 0
78 79 0
93 95 1
75 77 1
97 98 0
93 94 0
11 12 0
79 82 1
52 53 0
33 34 0
79 80 0
20 21 0
8 11 1
35 36 0
69 70 0
7 37 0
51 52 0
25 26 0
106 108 1
100 102 1
9 10 1
40 41 0
21 22 1
