1000
0 1 1 1 0 0 0 1 1 0 1 1 0 0 0 0 0 1 1 1 1 0 1 1 1 1 0 0 0 0 0 0 1 0 1 0 0 1 1 0 1 0 1 0 1 1 1 1 1 1 1 0 1 1 1 1 1 1 0 1 0 0 1 0 1 1 0 1 0 0 0 1 1 0 1 1 1 0 0 0 0 0 1 0 1 1 1 1 0 1 0 1 1 0 0 1 1 0 1 1 0 1 1 0 1 0 1 1 0 0 1 1 1 0 0 0 0 0 1 0 0 1 0 0 1 1 0 0 0 1 1 1 1 1 0 1 0 0 1 1 0 1 0 0 1 0 1 1 1 0 0 1 0 1 1 1 0 1 1 0 1 1 0 0 0 0 1 0 0 0 1 1 1 1 1 1 0 0 1 1 1 0 1 0 1 1 1 1 1 1 1 1 1 1 1 0 0 0 0 1 0 1 0 1 0 0 1 1 0 0 0 0 1 0 0 1 0 0 0 0 1 1 1 0 0 1 0 0 1 1 1 1 0 0 0 0 0 0 0 0 0 1 1 0 0 0 0 1 0 0 0 0 0 1 0 1 0 0 0 1 1 1 0 1 0 1 1 0 1 1 0 0 1 0 0 1 1 1 1 0 1 0 1 0 0 0 0 1 1 1 0 0 1 1 0 0 0 0 1 0 1 1 0 0 0 1 0 1 0 1 1 0 1 1 0 1 1 1 1 1 0 1 0 0 0 1 1 1 1 1 0 1 0 0 1 0 1 0 0 0 1 0 0 0 1 1 1 1 0 1 1 0 0 0 1 0 0 0 1 1 0 1 1 0 0 1 0 0 1 0 0 0 0 0 0 0 0 0 1 0 0 0 1 0 1 0 0 0 1 1 0 1 1 1 1 0 1 1 1 1 1 0 0 1 1 0 0 1 1 0 0 0 0 0 0 0 1 0 0 1 1 0 0 1 0 0 1 1 1 1 1 1 1 1 0 0 1 0 0 1 0 1 1 0 1 1 0 1 1 1 0 1 0 0 0 1 1 0 0 0 1 0 1 1 1 0 0 1 1 0 1 0 1 0 0 0 1 0 1 1 1 0 1 1 1 0 1 0 0 1 1 1 1 0 1 0 1 1 1 1 1 0 0 0 0 1 1 0 1 0 1 1 0 1 1 0 0 1 0 1 0 0 1 0 1 0 0 1 0 1 0 1 1 1 1 0 1 1 1 0 1 1 0 0 0 0 0 1 1 0 1 1 1 0 0 0 1 1 1 1 1 0 0 0 1 1 0 1 1 1 1 0 1 0 0 0 0 1 1 0 0 1 1 0 1 0 0 1 0 1 1 1 1 1 1 1 0 1 0 1 0 1 0 1 1 0 1 1 1 1 1 1 1 0 0 1 0 1 0 0 0 0 1 0 1 0 1 0 1 0 1 1 1 1 0 0 1 1 0 0 0 1 1 1 1 1 1 1 1 0 0 1 0 0 0 0 0 0 0 1 1 1 1 0 1 1 0 1 1 0 0 0 1 0 0 1 1 0 0 1 0 1 0 1 1 1 0 0 0 0 0 1 1 1 0 1 1 0 1 1 1 0 0 0 0 0 1 1 0 1 0 1 1 0 0 1 1 0 1 1 0 1 0 0 1 0 1 1 1 0 1 0 0 1 0 1 0 0 1 0 1 0 1 0 1 0 0 0 1 0 0 1 1 0 1 0 0 0 0 0 1 1 1 1 0 1 1 1 0 1 1 0 1 1 1 0 1 1 0 1 1 1 0 1 0 0 0 0 0 1 0 0 0 0 1 1 0 0 0 0 1 1 1 0 0 0 1 0 1 0 1 0 1 0 0 0 1 0 1 0 1 1 0 0 0 0 1 0 0 1 0 1 0 0 0 0 0 1 0 1 1 0 1 1 1 1 1 0 0 0 1 1 1 0 1 1 1 1 1 0 0 0 1 1 0 1 1 1 1 0 1 0 0 0 1 0 0 0 1 0 1 0 0 1 1 1 0 1 1 0 1 1 0 0 1 0 0 1 0 0 0 0 0 0 0 0 0 1 0 1 1 1 0 0 0 0 1 0 0 1 0 1 1 0 0 0 0 0 1 0 0 1 1 0 1 0 0 1 1 0 0 0 1 0 0 0 0 0 0 0 1 0 0 1 0 0 1 1 1 1 1 1 0 0 1 1 0 1 1 0 1 1 1 1 0 1 1 1 1 1 1 1 1 0 0 0 1 1 1 0 1 1 1 1 1 1 1 1 1 0
608 609 1
519 520 1
428 429 1
701 719 1
286 287 0
562 563 1
699 780 0
63 64 1
696 697 1
127 128 0
248 249 0
827 829 1
803 804 0
864 865 0
486 487 0
681 682 1
784 785 0
695 696 1
303 304 1
607 608 1
218 219 1
618 619 1
170 175 1
603 604 0
641 642 1
342 343 1
864 868 1
427 428 0
201 202 0
653 654 1
215 216 0
659 660 0
475 476 1
723 724 0
726 731 1
196 197 0
977 978 0
343 344 1
660 661 1
143 145 1
661 662 0
190 191 0
263 264 0
698 699 0
973 974 0
795 796 1
13 16 1
339 340 1
492 493 1
370 371 0
875 876 0
995 997 1
767 769 1
506 507 1
892 893 0
590 591 0
683 684 1
181 182 1
279 280 0
893 897 1
350 351 0
214 215 0
95 98 1
410 411 0
897 898 0
371 372 1
270 271 1
301 302 0
216 217 1
631 632 0
195 196 0
448 449 1
415 416 0
457 458 1
387 388 0
267 268 1
419 420 1
567 568 1
670 671 1
36 37 0
257 258 1
11 400 0
682 683 0
708 709 0
643 644 0
349 350 1
356 357 1
165 166 0
716 717 1
44 45 0
686 687 0
110 117 1
88 91 1
609 610 0
21 22 0
856 857 1
725 726 1
421 422 1
833 836 1
209 210 0
182 183 0
143 144 0
26 27 1
54 56 1
8 300 0
364 365 1
957 959 1
941 945 1
903 904 0
953 954 0
920 921 0
820 830 1
468 980 1
101 102 0
235 236 1
84 85 0
320 321 0
989 990 1
697 698 1
673 674 0
92 93 1
83 162 1
657 658 1
557 558 0
402 403 1
463 464 1
277 278 0
970 971 0
232 233 0
441 442 0
152 153 0
393 394 0
374 375 0
883 892 1
805 806 1
335 336 1
118 119 0
287 288 0
377 378 0
881 882 0
512 513 1
823 824 0
946 947 0
292 293 0
405 406 1
23 35 1
445 446 0
418 419 0
133 135 1
37 43 1
526 527 1
120 125 1
483 484 1
47 48 0
331 332 0
493 494 0
484 485 1
503 504 0
580 581 0
516 517 1
417 418 0
465 466 0
400 401 1
726 727 0
381 382 1
537 538 1
430 431 0
652 653 0
821 823 1
616 617 0
451 452 1
447 448 1
258 259 0
762 763 0
755 756 1
737 738 0
391 392 1
575 576 0
432 433 1
834 835 0
86 94 1
549 550 1
105 106 1
530 531 1
227 228 1
403 404 0
56 57 0
592 593 1
604 605 1
247 248 0
17 600 0
435 436 0
605 606 0
140 142 1
850 851 0
553 554 0
532 533 0
876 877 1
255 256 0
321 322 0
113 116 1
2 3 1
497 498 1
848 849 0
481 482 1
224 225 1
467 468 1
266 267 1
563 564 1
412 413 1
128 131 1
538 539 0
469 470 1
296 297 1
480 481 0
614 615 1
274 275 0
204 205 1
409 410 1
941 942 0
734 735 1
546 547 0
288 289 0
830 831 0
74 80 1
328 329 1
860 861 0
326 327 0
211 212 0
644 645 0
359 360 0
957 958 0
54 55 0
678 679 0
168 169 1
763 764 0
727 728 0
825 826 0
758 759 0
48 51 1
38 39 1
703 704 0
736 737 0
621 622 1
897 899 1
490 491 0
245 246 1
852 854 1
253 254 1
782 783 0
140 141 0
385 386 1
710 711 1
442 443 0
831 832 0
852 853 0
52 62 1
242 243 0
122 123 0
458 459 1
7 200 0
674 675 0
187 188 0
231 232 0
298 299 0
789 790 0
355 356 0
244 245 0
645 646 0
991 992 1
687 688 0
802 805 1
290 291 1
322 323 1
382 383 0
594 595 0
571 572 1
940 941 0
868 870 1
260 261 0
983 986 1
289 290 1
705 707 1
507 508 1
234 235 1
964 965 1
807 808 0
709 712 1
505 506 1
84 120 1
916 917 0
883 884 0
888 889 0
39 41 1
793 794 1
893 894 0
743 746 1
27 28 0
548 549 0
775 776 0
297 298 1
136 137 0
82 83 0
649 650 0
837 838 1
617 618 1
225 226 0
724 725 1
889 890 1
849 850 0
938 939 0
536 537 0
94 104 1
901 908 1
561 562 1
547 548 0
411 412 0
12 13 0
210 211 1
99 101 1
27 31 1
471 472 1
313 314 1
153 157 1
327 328 0
627 628 0
860 863 1
437 438 1
360 361 1
325 326 0
47 52 1
885 887 1
950 951 0
3 9 1
785 786 0
304 305 1
142 143 1
378 379 1
936 937 1
1 36 1
509 510 1
137 138 0
691 692 1
968 970 1
117 118 0
133 134 0
176 177 0
452 453 0
928 930 1
316 317 0
756 757 1
406 407 1
5 6 0
446 447 0
392 393 1
962 972 1
740 741 0
190 192 1
676 677 1
700 701 0
158 159 0
189 190 0
344 345 1
478 479 1
18 20 1
813 814 0
848 859 1
508 509 0
545 546 0
176 181 1
593 594 1
348 349 1
831 833 1
880 881 0
101 103 1
482 483 1
742 749 1
922 928 1
436 437 1
237 238 1
630 631 0
741 754 1
637 638 1
612 613 1
573 574 1
23 24 0
973 977 1
791 792 1
476 477 1
511 512 0
473 474 0
540 541 1
544 545 1
429 430 1
909 910 0
135 160 1
875 878 1
810 816 1
871 872 0
903 905 1
525 526 1
240 241 1
268 269 1
797 798 0
390 391 0
98 99 0
520 521 0
732 733 0
18 19 0
550 551 0
205 206 0
794 797 1
212 213 0
220 221 1
811 813 1
963 964 0
746 747 0
987 989 1
269 270 0
1 2 0
811 812 0
372 373 0
842 844 1
684 685 0
942 943 0
992 998 1
48 49 0
443 444 0
246 247 0
611 612 0
709 710 0
513 514 0
502 503 0
85 105 1
300 301 0
147 148 0
712 713 0
501 502 1
138 139 0
67 81 1
518 519 1
217 218 1
422 423 1
591 592 0
933 936 1
694 695 1
60 61 0
155 156 0
165 195 1
982 983 0
534 535 1
527 528 0
108 109 0
517 518 1
273 860 1
383 384 1
424 425 1
981 991 1
666 667 0
106 110 1
926 927 1
65 66 1
308 309 0
365 366 0
945 946 0
167 168 0
75 79 1
728 729 1
318 319 0
531 532 1
394 395 1
267 920 0
152 158 1
461 462 1
993 994 1
375 376 1
368 369 1
454 455 0
782 793 1
128 129 0
808 810 1
366 367 1
582 583 1
677 678 1
743 744 0
131 132 1
529 530 1
841 842 0
820 821 0
450 451 1
125 127 1
810 811 0
470 471 0
294 295 0
379 380 0
946 949 1
160 161 1
28 30 1
873 879 1
223 224 0
749 753 1
285 286 0
243 244 1
995 996 0
6 7 0
521 522 1
916 918 1
656 657 0
701 702 0
69 74 1
765 766 1
496 497 0
353 354 1
749 750 0
413 414 1
947 948 0
399 720 0
894 895 1
632 633 1
658 659 0
487 488 1
362 363 1
15 500 0
732 734 1
871 873 1
636 637 1
560 561 1
528 529 1
667 668 0
354 355 1
111 112 1
566 567 1
961 973 1
203 204 1
665 666 0
67 68 0
777 778 0
541 542 0
389 390 1
954 955 1
307 308 1
96 97 0
680 681 1
934 935 0
4 5 1
112 113 1
323 324 1
845 848 1
149 150 0
690 691 0
588 589 0
619 620 0
139 146 1
863 864 0
772 773 0
552 553 1
910 911 1
188 189 1
589 590 0
965 968 1
329 330 1
416 417 0
602 603 0
449 450 1
485 486 1
744 745 0
813 815 1
162 163 0
262 263 1
900 901 0
107 108 0
357 358 0
420 421 0
638 639 0
845 846 0
900 914 1
861 862 0
169 170 1
514 515 0
952 956 1
921 922 0
771 772 1
10 12 1
741 742 0
703 708 1
280 281 1
742 743 0
600 601 1
75 76 0
770 771 1
74 75 0
556 557 1
464 465 0
166 187 1
45 46 0
52 53 0
764 765 0
68 69 0
135 136 0
672 673 1
208 209 1
302 303 0
20 21 0
77 78 0
337 338 1
515 516 1
558 559 1
9 10 0
488 489 0
319 320 0
902 903 0
962 963 0
727 730 1
347 348 0
720 721 1
569 570 1
310 311 0
213 214 0
426 427 1
885 886 0
139 140 0
669 670 0
351 352 1
241 242 0
41 42 1
564 565 1
983 984 0
408 409 1
928 929 0
783 784 0
341 342 1
291 292 0
586 587 1
24 25 0
577 578 1
524 525 1
69 70 0
622 623 0
702 718 1
914 916 1
981 982 0
254 255 1
171 174 1
153 154 0
968 969 0
808 809 0
965 966 0
827 828 0
980 981 0
70 71 0
554 555 0
24 26 1
423 424 1
259 260 0
89 90 1
438 439 0
340 341 0
324 325 0
498 499 0
797 799 1
0 67 1
462 463 0
671 672 1
81 82 0
655 656 0
754 755 0
998 999 1
57 58 0
460 461 0
595 596 0
147 152 1
43 44 1
273 274 0
200 201 1
838 839 1
920 938 1
642 643 0
99 100 0
71 72 0
45 47 1
921 931 1
777 779 1
207 208 0
905 906 0
121 122 1
746 748 1
931 933 1
584 585 1
816 817 0
767 768 0
688 689 1
579 580 1
572 573 0
568 569 0
830 837 1
179 180 1
167 176 1
345 346 1
206 207 1
760 775 1
647 648 0
94 95 0
807 819 1
87 92 1
650 651 0
925 926 1
542 543 1
408 800 0
846 847 0
221 222 0
315 316 1
171 172 0
20 23 1
395 396 1
952 953 0
293 294 1
271 272 0
250 251 1
654 655 1
784 788 1
62 65 1
0 1 0
31 34 1
914 915 0
332 333 0
633 634 1
626 627 1
317 318 1
31 32 0
613 614 1
369 370 1
226 227 0
664 665 0
780 781 0
987 988 0
172 173 0
196 199 1
453 454 1
581 582 0
456 457 1
494 495 1
440 441 0
238 239 1
491 492 0
9 18 1
888 891 1
722 723 0
444 445 0
583 584 0
57 59 1
629 630 1
233 234 0
750 751 1
228 229 1
751 752 0
640 641 0
868 869 0
682 960 1
693 694 0
923 924 0
311 312 0
851 852 0
873 874 0
500 501 0
842 843 0
783 789 1
668 669 1
606 607 1
312 313 0
760 761 0
679 680 1
801 802 1
576 577 1
330 331 0
28 29 0
692 693 0
714 715 1
87 88 0
85 86 0
305 306 1
785 787 1
113 114 0
474 475 0
982 987 1
648 649 0
731 732 0
398 399 1
222 223 1
283 284 1
401 402 0
978 979 0
772 774 1
662 663 0
565 566 0
702 703 0
239 240 0
931 932 0
407 408 1
472 473 1
624 625 0
404 405 0
909 912 1
373 374 0
775 777 1
110 111 0
202 203 1
299 700 0
634 635 1
639 640 0
874 875 0
13 14 0
122 124 1
16 17 1
86 87 0
367 368 0
945 950 1
177 179 1
219 220 1
723 736 1
281 282 1
762 770 1
148 149 1
276 277 0
386 387 1
149 151 1
865 866 1
800 801 0
942 944 1
689 690 1
574 575 0
268 880 0
601 602 0
249 250 1
95 96 0
495 496 1
82 165 1
433 434 0
551 552 1
397 398 1
960 961 1
306 307 0
587 588 0
114 115 0
663 664 0
598 599 0
333 334 1
352 353 1
275 276 1
431 432 0
543 544 0
477 478 0
800 807 1
522 523 1
189 194 1
251 940 1
146 147 0
182 184 1
59 60 1
309 310 0
76 77 1
736 739 1
376 377 0
625 626 0
125 126 0
922 923 0
984 985 1
597 598 1
802 803 0
380 381 1
439 440 0
527 840 1
264 265 0
499 740 0
555 556 1
284 285 0
881 883 1
754 758 1
14 15 1
596 597 1
713 716 1
479 480 0
361 362 1
70 73 1
933 934 0
704 705 0
833 834 0
940 952 1
346 347 0
623 624 1
166 167 0
510 511 1
384 385 0
975 976 1
908 909 1
840 841 0
425 426 0
721 722 0
705 706 0
912 913 0
902 907 1
251 252 0
295 296 1
884 885 1
434 435 0
468 469 0
992 993 0
414 415 1
851 855 1
504 505 0
466 467 1
192 193 0
863 871 1
651 652 1
789 791 1
794 795 0
252 253 0
578 579 0
363 364 1
170 171 0
974 975 0
781 782 1
994 995 0
685 686 0
610 611 0
10 11 0
39 40 0
901 902 0
388 389 1
53 54 1
83 84 0
570 571 0
850 856 1
535 536 0
358 359 1
261 262 1
127 133 1
559 560 0
761 762 1
49 50 0
230 231 1
336 337 1
635 636 1
314 315 1
278 279 0
396 397 1
88 89 0
489 490 0
816 818 1
272 273 1
343 900 0
477 820 1
675 676 0
334 335 1
282 283 0
177 178 0
956 957 0
615 616 1
961 962 0
585 586 0
236 237 0
256 257 0
599 760 0
32 33 0
197 198 0
539 540 0
533 534 1
459 460 1
918 919 1
895 896 0
184 185 1
455 456 1
106 107 0
887 888 0
923 925 1
620 621 1
37 38 0
229 230 0
821 822 0
857 858 0
120 121 0
966 967 1
628 629 1
162 164 1
62 63 0
5 8 1
841 845 1
824 827 1
338 339 0
713 714 0
265 266 1
154 155 1
523 524 1
763 767 1
646 647 1
866 867 0
129 130 1
824 825 0
3 4 0
185 186 1
